 0.0000000E+000, 4.7667000E-003, 0.0000000E+000
 5.0000000E+001, 8.6697000E-003, 0.0000000E+000
 1.0000000E+002, 8.5710000E-003, 0.0000000E+000
 1.5000000E+002, 8.0510000E-003, 0.0000000E+000
 2.0106418E+002, 1.1846494E+000, 0.0000000E+000
 2.5548488E+002, 4.3772524E+000, 0.0000000E+000
 3.1318673E+002, 9.6628742E+000, 0.0000000E+000
 3.7111004E+002, 1.6192959E+001, 0.0000000E+000
 4.2701672E+002, 2.3051849E+001, 0.0000000E+000
 4.8102307E+002, 2.9781518E+001, 0.0000000E+000
 5.3413435E+002, 3.6137766E+001, 0.0000000E+000
 5.8718775E+002, 4.1875330E+001, 0.0000000E+000
 6.4066443E+002, 4.6728944E+001, 0.0000000E+000
 6.9477442E+002, 5.0466735E+001, 0.0000000E+000
 7.4966263E+002, 5.2940935E+001, 0.0000000E+000
 8.0549590E+002, 5.4100044E+001, 0.0000000E+000
 8.6244511E+002, 5.3974781E+001, 0.0000000E+000
 9.2067021E+002, 5.2651473E+001, 0.0000000E+000
 9.8035921E+002, 5.0228919E+001, 0.0000000E+000
 1.0417402E+003, 4.6765012E+001, 0.0000000E+000
 1.1051101E+003, 4.2234069E+001, 0.0000000E+000
 1.1441502E+003, 3.8958656E+001, 0.0000000E+000
 1.1833002E+003, 3.5300846E+001, 0.0000000E+000
 1.2175203E+003, 3.1797106E+001, 0.0000000E+000
 1.2523804E+003, 2.7944595E+001, 0.0000000E+000
 1.3111305E+003, 2.0865502E+001, 0.0000000E+000
 1.3590806E+003, 1.4769176E+001, 0.0000000E+000
 1.4063906E+003, 8.7522246E+000, 0.0000000E+000
 1.4503405E+003, 3.5242199E+000, 0.0000000E+000
 1.4972303E+003,-1.2208749E+000, 0.0000000E+000
 1.5355501E+003,-4.0266765E+000, 0.0000000E+000
 1.5766800E+003,-5.5937766E+000, 0.0000000E+000
 1.6161802E+003,-5.2986330E+000, 0.0000000E+000
 1.6558909E+003,-2.8656721E+000, 0.0000000E+000
 1.6903522E+003, 1.2602269E+000, 0.0000000E+000
 1.7252045E+003, 7.5593924E+000, 0.0000000E+000
 1.7825185E+003, 2.3110354E+001, 0.0000000E+000
 1.8408139E+003, 4.6476538E+001, 0.0000000E+000
 1.8945787E+003, 7.5477181E+001, 0.0000000E+000
 1.9442914E+003, 1.0869624E+002, 0.0000000E+000
 1.9936605E+003, 1.4664161E+002, 0.0000000E+000
 2.0230883E+003, 1.7004575E+002, 0.0000000E+000
 2.0554342E+003, 1.9526207E+002, 0.0000000E+000
 2.0869890E+003, 2.1793240E+002, 0.0000000E+000
 2.1256024E+003, 2.4155021E+002, 0.0000000E+000
 2.1769356E+003, 2.6390255E+002, 0.0000000E+000
 2.2152552E+003, 2.7307651E+002, 0.0000000E+000
 2.2554896E+003, 2.7632358E+002, 0.0000000E+000
 2.2914190E+003, 2.7378688E+002, 0.0000000E+000
 2.3279207E+003, 2.6501146E+002, 0.0000000E+000
 2.3625830E+003, 2.4769067E+002, 0.0000000E+000
 2.3939270E+003, 2.2490205E+002, 0.0000000E+000
 2.4424946E+003, 1.7993860E+002, 0.0000000E+000
 2.4759976E+003, 1.3272010E+002, 0.0000000E+000
 2.4896564E+003, 9.6989675E+001, 0.0000000E+000
 2.4978312E+003, 6.0152528E+001, 0.0000000E+000
 2.5009911E+003,-4.5884334E+000, 0.0000000E+000
 2.4949461E+003,-5.6053882E+001, 0.0000000E+000
 2.4835901E+003,-1.0335037E+002, 0.0000000E+000
 2.4613518E+003,-1.6544737E+002, 0.0000000E+000
 2.4424141E+003,-2.0841575E+002, 0.0000000E+000
 2.4216353E+003,-2.5128840E+002, 0.0000000E+000
 2.4021070E+003,-2.9073022E+002, 0.0000000E+000
 2.3839989E+003,-3.2908896E+002, 0.0000000E+000
 2.3676806E+003,-3.6815122E+002, 0.0000000E+000
 2.3523703E+003,-4.1480170E+002, 0.0000000E+000
 2.3407743E+003,-4.8125098E+002, 0.0000000E+000
 2.3405870E+003,-5.1508394E+002, 0.0000000E+000
 2.3447212E+003,-5.4867696E+002, 0.0000000E+000
 2.3639004E+003,-6.0602702E+002, 0.0000000E+000
 2.4001681E+003,-6.5857862E+002, 0.0000000E+000
 2.4380384E+003,-6.9040594E+002, 0.0000000E+000
 2.4836856E+003,-7.1299130E+002, 0.0000000E+000
 2.5490503E+003,-7.2544282E+002, 0.0000000E+000
 2.5861965E+003,-7.2490272E+002, 0.0000000E+000
 2.6218864E+003,-7.1963502E+002, 0.0000000E+000
 2.6611528E+003,-7.0852187E+002, 0.0000000E+000
 2.6989074E+003,-6.9217687E+002, 0.0000000E+000
 2.7446272E+003,-6.6359769E+002, 0.0000000E+000
 2.7791372E+003,-6.3420712E+002, 0.0000000E+000
 2.8093364E+003,-6.0105182E+002, 0.0000000E+000
 2.8309369E+003,-5.7147577E+002, 0.0000000E+000
 2.8498584E+003,-5.3978617E+002, 0.0000000E+000
 2.8756409E+003,-4.8197433E+002, 0.0000000E+000
 2.8872829E+003,-4.4609138E+002, 0.0000000E+000
 2.8959440E+003,-4.1083002E+002, 0.0000000E+000
 2.9028540E+003,-3.7063564E+002, 0.0000000E+000
 2.9069428E+003,-3.3007630E+002, 0.0000000E+000
 2.9083606E+003,-2.9201828E+002, 0.0000000E+000
 2.9076180E+003,-2.5446433E+002, 0.0000000E+000
 2.9027137E+003,-1.9762121E+002, 0.0000000E+000
 2.8949601E+003,-1.4705125E+002, 0.0000000E+000
 2.8813465E+003,-8.3487807E+001, 0.0000000E+000
 2.8659539E+003,-2.3993491E+001, 0.0000000E+000
 2.8502315E+003, 3.3308241E+001, 0.0000000E+000
 2.8356281E+003, 9.0235055E+001, 0.0000000E+000
 2.8243328E+003, 1.4685347E+002, 0.0000000E+000
 2.8200881E+003, 1.8245586E+002, 0.0000000E+000
 2.8186514E+003, 2.2198641E+002, 0.0000000E+000
 2.8248280E+003, 2.8249589E+002, 0.0000000E+000
 2.8363783E+003, 3.2224558E+002, 0.0000000E+000
 2.8659339E+003, 3.7856652E+002, 0.0000000E+000
 2.9078733E+003, 4.2692780E+002, 0.0000000E+000
 2.9595618E+003, 4.6465328E+002, 0.0000000E+000
 2.9925536E+003, 4.8064465E+002, 0.0000000E+000
 3.0272057E+003, 4.9227385E+002, 0.0000000E+000
 3.0888061E+003, 5.0185733E+002, 0.0000000E+000
 3.1370961E+003, 4.9978476E+002, 0.0000000E+000
 3.1815932E+003, 4.9048321E+002, 0.0000000E+000
 3.2287389E+003, 4.7240364E+002, 0.0000000E+000
 3.2713647E+003, 4.4777479E+002, 0.0000000E+000
 3.3128302E+003, 4.1445640E+002, 0.0000000E+000
 3.3490853E+003, 3.7525917E+002, 0.0000000E+000
 3.3817785E+003, 3.2798020E+002, 0.0000000E+000
 3.4064091E+003, 2.8021988E+002, 0.0000000E+000
 3.4229477E+003, 2.3796795E+002, 0.0000000E+000
 3.4357249E+003, 1.9483432E+002, 0.0000000E+000
 3.4482490E+003, 1.3192768E+002, 0.0000000E+000
 3.4544040E+003, 7.9206491E+001, 0.0000000E+000
 3.4572701E+003, 3.3183224E+001, 0.0000000E+000
 3.4584071E+003,-8.1738581E+000, 0.0000000E+000
 3.4587045E+003,-4.5843840E+001, 0.0000000E+000
 3.4587120E+003,-8.3240653E+001, 0.0000000E+000
 3.4591071E+003,-1.5033780E+002, 0.0000000E+000
 3.4623317E+003,-2.0947783E+002, 0.0000000E+000
 3.4717725E+003,-2.7395756E+002, 0.0000000E+000
 3.4865326E+003,-3.2659703E+002, 0.0000000E+000
 3.5049544E+003,-3.6982172E+002, 0.0000000E+000
 3.5393940E+003,-4.2535939E+002, 0.0000000E+000
 3.5695712E+003,-4.6145247E+002, 0.0000000E+000
 3.5997206E+003,-4.9136891E+002, 0.0000000E+000
 3.6290816E+003,-5.1734226E+002, 0.0000000E+000
 3.6564533E+003,-5.4052944E+002, 0.0000000E+000
 3.6973494E+003,-5.7636967E+002, 0.0000000E+000
 3.7200351E+003,-6.0006801E+002, 0.0000000E+000
 3.7457508E+003,-6.3376794E+002, 0.0000000E+000
 3.7640628E+003,-6.6830790E+002, 0.0000000E+000
 3.7769753E+003,-7.1205699E+002, 0.0000000E+000
 3.7779342E+003,-7.7227919E+002, 0.0000000E+000
 3.7615738E+003,-8.2843028E+002, 0.0000000E+000
 3.7429611E+003,-8.6254770E+002, 0.0000000E+000
 3.7206023E+003,-8.9245555E+002, 0.0000000E+000
 3.6895598E+003,-9.2525257E+002, 0.0000000E+000
 3.6538062E+003,-9.5857043E+002, 0.0000000E+000
 3.6201325E+003,-9.9240728E+002, 0.0000000E+000
 3.5863964E+003,-1.0401790E+003, 0.0000000E+000
 3.5729477E+003,-1.0777360E+003, 0.0000000E+000
 3.5704033E+003,-1.1285311E+003, 0.0000000E+000
 3.5879396E+003,-1.1818440E+003, 0.0000000E+000
 3.6283086E+003,-1.2286413E+003, 0.0000000E+000
 3.6747825E+003,-1.2544704E+003, 0.0000000E+000
 3.7251529E+003,-1.2656552E+003, 0.0000000E+000
 3.7671720E+003,-1.2652848E+003, 0.0000000E+000
 3.8074082E+003,-1.2577171E+003, 0.0000000E+000
 3.8571686E+003,-1.2390627E+003, 0.0000000E+000
 3.8992937E+003,-1.2157768E+003, 0.0000000E+000
 3.9494929E+003,-1.1795868E+003, 0.0000000E+000
 3.9876769E+003,-1.1477381E+003, 0.0000000E+000
 4.0214537E+003,-1.1178642E+003, 0.0000000E+000
 4.0586417E+003,-1.0846820E+003, 0.0000000E+000
 4.0956200E+003,-1.0528601E+003, 0.0000000E+000
 4.1228186E+003,-1.0306983E+003, 0.0000000E+000
 4.1508368E+003,-1.0090957E+003, 0.0000000E+000
 4.2034631E+003,-9.7167797E+002, 0.0000000E+000
 4.2418910E+003,-9.4621816E+002, 0.0000000E+000
 4.2794398E+003,-9.2216602E+002, 0.0000000E+000
 4.3089896E+003,-9.0327194E+002, 0.0000000E+000
 4.3384603E+003,-8.8403965E+002, 0.0000000E+000
 4.3823037E+003,-8.5387033E+002, 0.0000000E+000
 4.4217492E+003,-8.2380697E+002, 0.0000000E+000
 4.4504947E+003,-7.9933722E+002, 0.0000000E+000
 4.4775808E+003,-7.7374171E+002, 0.0000000E+000
 4.5081382E+003,-7.4115706E+002, 0.0000000E+000
 4.5342744E+003,-7.0952341E+002, 0.0000000E+000
 4.5714193E+003,-6.5723187E+002, 0.0000000E+000
 4.5922800E+003,-6.2395204E+002, 0.0000000E+000
 4.6127081E+003,-5.8862051E+002, 0.0000000E+000
 4.6423807E+003,-5.3329703E+002, 0.0000000E+000
 4.6586754E+003,-5.0229415E+002, 0.0000000E+000
 4.6876651E+003,-4.4775483E+002, 0.0000000E+000
 4.7202952E+003,-3.9104812E+002, 0.0000000E+000
 4.7438503E+003,-3.5461434E+002, 0.0000000E+000
 4.7703667E+003,-3.1806568E+002, 0.0000000E+000
 4.7979447E+003,-2.8482921E+002, 0.0000000E+000
 4.8324941E+003,-2.4927044E+002, 0.0000000E+000
 4.8845341E+003,-2.0658251E+002, 0.0000000E+000
 4.9230061E+003,-1.8239896E+002, 0.0000000E+000
 4.9637280E+003,-1.6263861E+002, 0.0000000E+000
 5.0019008E+003,-1.4905631E+002, 0.0000000E+000
 5.0442552E+003,-1.3917865E+002, 0.0000000E+000
 5.1110196E+003,-1.3410411E+002, 0.0000000E+000
 5.1565763E+003,-1.3799798E+002, 0.0000000E+000
 5.1999125E+003,-1.4744029E+002, 0.0000000E+000
 5.2459684E+003,-1.6410302E+002, 0.0000000E+000
 5.2887735E+003,-1.8648458E+002, 0.0000000E+000
 5.3233872E+003,-2.1033607E+002, 0.0000000E+000
 5.3555993E+003,-2.3853912E+002, 0.0000000E+000
 5.3822447E+003,-2.6798311E+002, 0.0000000E+000
 5.4061585E+003,-2.9922383E+002, 0.0000000E+000
 5.4256668E+003,-3.2740362E+002, 0.0000000E+000
 5.4441019E+003,-3.5644236E+002, 0.0000000E+000
 5.4727016E+003,-4.0789385E+002, 0.0000000E+000
 5.4919989E+003,-4.4916752E+002, 0.0000000E+000
 5.5076859E+003,-4.8574429E+002, 0.0000000E+000
 5.5223527E+003,-5.2123274E+002, 0.0000000E+000
 5.5354597E+003,-5.5264183E+002, 0.0000000E+000
 5.5525458E+003,-5.9134028E+002, 0.0000000E+000
 5.5719613E+003,-6.3027429E+002, 0.0000000E+000
 5.5998347E+003,-6.7639272E+002, 0.0000000E+000
 5.6367767E+003,-7.2232722E+002, 0.0000000E+000
 5.6682529E+003,-7.5088434E+002, 0.0000000E+000
 5.7077023E+003,-7.7665319E+002, 0.0000000E+000
 5.7673152E+003,-7.9927556E+002, 0.0000000E+000
 5.8140474E+003,-8.0557336E+002, 0.0000000E+000
 5.8601002E+003,-8.0286329E+002, 0.0000000E+000
 5.8992634E+003,-7.9358187E+002, 0.0000000E+000
 5.9380029E+003,-7.7754413E+002, 0.0000000E+000
 5.9671508E+003,-7.6026419E+002, 0.0000000E+000
 5.9940058E+003,-7.3960073E+002, 0.0000000E+000
 6.0231368E+003,-7.1066937E+002, 0.0000000E+000
 6.0475561E+003,-6.7900077E+002, 0.0000000E+000
 6.0655447E+003,-6.4912792E+002, 0.0000000E+000
 6.0804225E+003,-6.1762996E+002, 0.0000000E+000
 6.0952389E+003,-5.7461504E+002, 0.0000000E+000
 6.1046660E+003,-5.3223040E+002, 0.0000000E+000
 6.1092043E+003,-4.9592288E+002, 0.0000000E+000
 6.1107930E+003,-4.5919136E+002, 0.0000000E+000
 6.1072911E+003,-3.9824637E+002, 0.0000000E+000
 6.0962292E+003,-3.3445604E+002, 0.0000000E+000
 6.0867275E+003,-2.9747118E+002, 0.0000000E+000
 6.0757655E+003,-2.6248329E+002, 0.0000000E+000
 6.0616429E+003,-2.2411297E+002, 0.0000000E+000
 6.0458599E+003,-1.8660516E+002, 0.0000000E+000
 6.0296571E+003,-1.5199964E+002, 0.0000000E+000
 6.0125442E+003,-1.1846428E+002, 0.0000000E+000
 5.9825703E+003,-6.5153431E+001, 0.0000000E+000
 5.9506274E+003,-1.3844003E+001, 0.0000000E+000
 5.9158857E+003, 3.7037024E+001, 0.0000000E+000
 5.8951253E+003, 6.5354570E+001, 0.0000000E+000
 5.8738752E+003, 9.2861626E+001, 0.0000000E+000
 5.8489155E+003, 1.2335764E+002, 0.0000000E+000
 5.8227459E+003, 1.5334045E+002, 0.0000000E+000
 5.7801171E+003, 1.9803515E+002, 0.0000000E+000
 5.7369383E+003, 2.3830749E+002, 0.0000000E+000
 5.6880491E+003, 2.7854748E+002, 0.0000000E+000
 5.6605588E+003, 2.9877947E+002, 0.0000000E+000
 5.6322584E+003, 3.1787530E+002, 0.0000000E+000
 5.5894078E+003, 3.4351552E+002, 0.0000000E+000
 5.5293170E+003, 3.7297049E+002, 0.0000000E+000
 5.4675259E+003, 3.9548229E+002, 0.0000000E+000
 5.4070243E+003, 4.1015060E+002, 0.0000000E+000
 5.3520521E+003, 4.1738872E+002, 0.0000000E+000
 5.2978692E+003, 4.1904927E+002, 0.0000000E+000
 5.2313464E+003, 4.1389322E+002, 0.0000000E+000
 5.1822534E+003, 4.0535420E+002, 0.0000000E+000
 5.1223519E+003, 3.8993377E+002, 0.0000000E+000
 5.0837611E+003, 3.7773457E+002, 0.0000000E+000
 5.0382117E+003, 3.6164916E+002, 0.0000000E+000
 5.0030928E+003, 3.4874070E+002, 0.0000000E+000
 4.9613749E+003, 3.3360769E+002, 0.0000000E+000
 4.9267670E+003, 3.2205476E+002, 0.0000000E+000
 4.8864893E+003, 3.1053288E+002, 0.0000000E+000
 4.8498107E+003, 3.0262161E+002, 0.0000000E+000
 4.8098410E+003, 2.9746066E+002, 0.0000000E+000
 4.7722492E+003, 2.9651064E+002, 0.0000000E+000
 4.7316544E+003, 3.0034196E+002, 0.0000000E+000
 4.6870459E+003, 3.1131167E+002, 0.0000000E+000
 4.6430742E+003, 3.3059447E+002, 0.0000000E+000
 4.6065614E+003, 3.5497812E+002, 0.0000000E+000
 4.5728806E+003, 3.8723717E+002, 0.0000000E+000
 4.5507726E+003, 4.1647054E+002, 0.0000000E+000
 4.5328174E+003, 4.4862705E+002, 0.0000000E+000
 4.5159264E+003, 4.9455459E+002, 0.0000000E+000
 4.5071989E+003, 5.4218321E+002, 0.0000000E+000
 4.5073861E+003, 6.0363411E+002, 0.0000000E+000
 4.5127305E+003, 6.3785034E+002, 0.0000000E+000
 4.5214950E+003, 6.7114300E+002, 0.0000000E+000
 4.5382205E+003, 7.1432093E+002, 0.0000000E+000
 4.5586352E+003, 7.5299234E+002, 0.0000000E+000
 4.5788191E+003, 7.8370716E+002, 0.0000000E+000
 4.6015932E+003, 8.1284484E+002, 0.0000000E+000
 4.6438175E+003, 8.5674823E+002, 0.0000000E+000
 4.6718110E+003, 8.8079368E+002, 0.0000000E+000
 4.7012143E+003, 9.0271791E+002, 0.0000000E+000
 4.7579173E+003, 9.3728661E+002, 0.0000000E+000
 4.7936098E+003, 9.5481258E+002, 0.0000000E+000
 4.8290618E+003, 9.6944354E+002, 0.0000000E+000
 4.8782235E+003, 9.8566849E+002, 0.0000000E+000
 4.9272651E+003, 9.9770052E+002, 0.0000000E+000
 4.9617265E+003, 1.0039226E+003, 0.0000000E+000
 4.9963478E+003, 1.0084624E+003, 0.0000000E+000
 5.0478690E+003, 1.0122219E+003, 0.0000000E+000
 5.0959003E+003, 1.0127809E+003, 0.0000000E+000
 5.1376412E+003, 1.0111196E+003, 0.0000000E+000
 5.1793419E+003, 1.0075480E+003, 0.0000000E+000
 5.2154024E+003, 1.0029667E+003, 0.0000000E+000
 5.2514829E+003, 9.9703827E+002, 0.0000000E+000
 5.3040032E+003, 9.8598254E+002, 0.0000000E+000
 5.3517136E+003, 9.7341738E+002, 0.0000000E+000
 5.4010340E+003, 9.5781378E+002, 0.0000000E+000
 5.4479946E+003, 9.4037869E+002, 0.0000000E+000
 5.4896253E+003, 9.2271792E+002, 0.0000000E+000
 5.5289861E+003, 9.0404428E+002, 0.0000000E+000
 5.5598767E+003, 8.8801354E+002, 0.0000000E+000
 5.5901674E+003, 8.7111271E+002, 0.0000000E+000
 5.6269379E+003, 8.4904381E+002, 0.0000000E+000
 5.6606482E+003, 8.2742255E+002, 0.0000000E+000
 5.6907284E+003, 8.0713406E+002, 0.0000000E+000
 5.7387177E+003, 7.7318883E+002, 0.0000000E+000
 5.7760966E+003, 7.4620524E+002, 0.0000000E+000
 5.8266743E+003, 7.1008324E+002, 0.0000000E+000
 5.8697417E+003, 6.8135772E+002, 0.0000000E+000
 5.9077593E+003, 6.5859469E+002, 0.0000000E+000
 5.9517668E+003, 6.3611886E+002, 0.0000000E+000
 5.9989754E+003, 6.1749520E+002, 0.0000000E+000
 6.0565861E+003, 6.0321955E+002, 0.0000000E+000
 6.1187097E+003, 5.9912883E+002, 0.0000000E+000
 6.1531166E+003, 6.0236754E+002, 0.0000000E+000
 6.1870249E+003, 6.0975402E+002, 0.0000000E+000
 6.2381756E+003, 6.2999164E+002, 0.0000000E+000
 6.2841377E+003, 6.6014679E+002, 0.0000000E+000
 6.3200076E+003, 6.9531973E+002, 0.0000000E+000
 6.3494543E+003, 7.3739396E+002, 0.0000000E+000
 6.3737563E+003, 7.9251733E+002, 0.0000000E+000
 6.3863845E+003, 8.4879513E+002, 0.0000000E+000
 6.3891506E+003, 8.9918179E+002, 0.0000000E+000
 6.3848258E+003, 9.4829846E+002, 0.0000000E+000
 6.3767315E+003, 9.8723372E+002, 0.0000000E+000
 6.3651573E+003, 1.0244038E+003, 0.0000000E+000
 6.3475429E+003, 1.0662057E+003, 0.0000000E+000
 6.3270289E+003, 1.1044074E+003, 0.0000000E+000
 6.2994449E+003, 1.1461480E+003, 0.0000000E+000
 6.2694615E+003, 1.1838383E+003, 0.0000000E+000
 6.2419687E+003, 1.2136284E+003, 0.0000000E+000
 6.2131263E+003, 1.2412083E+003, 0.0000000E+000
 6.1760540E+003, 1.2723377E+003, 0.0000000E+000
 6.1387619E+003, 1.2997574E+003, 0.0000000E+000
 6.0892600E+003, 1.3313468E+003, 0.0000000E+000
 6.0400286E+003, 1.3584964E+003, 0.0000000E+000
 5.9989275E+003, 1.3787161E+003, 0.0000000E+000
 5.9431566E+003, 1.4036152E+003, 0.0000000E+000
 5.8905158E+003, 1.4260035E+003, 0.0000000E+000
 5.8389347E+003, 1.4487100E+003, 0.0000000E+000
 5.7953429E+003, 1.4702954E+003, 0.0000000E+000
 5.7560296E+003, 1.4933694E+003, 0.0000000E+000
 5.7080117E+003, 1.5293703E+003, 0.0000000E+000
 5.6772917E+003, 1.5607650E+003, 0.0000000E+000
 5.6487071E+003, 1.6014427E+003, 0.0000000E+000
 5.6241982E+003, 1.6615869E+003, 0.0000000E+000
 5.6180369E+003, 1.7223605E+003, 0.0000000E+000
 5.6250417E+003, 1.7616809E+003, 0.0000000E+000
 5.6384333E+003, 1.7988312E+003, 0.0000000E+000
 5.6705393E+003, 1.8574984E+003, 0.0000000E+000
 5.7095591E+003, 1.9026167E+003, 0.0000000E+000
 5.7610030E+003, 1.9366715E+003, 0.0000000E+000
 5.8152543E+003, 1.9579308E+003, 0.0000000E+000
 5.8600436E+003, 1.9671876E+003, 0.0000000E+000
 5.9049694E+003, 1.9700536E+003, 0.0000000E+000
 5.9404839E+003, 1.9683010E+003, 0.0000000E+000
 5.9758085E+003, 1.9632584E+003, 0.0000000E+000
 6.0367518E+003, 1.9468950E+003, 0.0000000E+000
 6.0879757E+003, 1.9254418E+003, 0.0000000E+000
 6.1412079E+003, 1.8951694E+003, 0.0000000E+000
 6.1709394E+003, 1.8748669E+003, 0.0000000E+000
 6.1989295E+003, 1.8535042E+003, 0.0000000E+000
 6.2294286E+003, 1.8277611E+003, 0.0000000E+000
 6.2589375E+003, 1.8005780E+003, 0.0000000E+000
 6.3063946E+003, 1.7528845E+003, 0.0000000E+000
 6.3351519E+003, 1.7237920E+003, 0.0000000E+000
 6.3768163E+003, 1.6835170E+003, 0.0000000E+000
 6.4268594E+003, 1.6418893E+003, 0.0000000E+000
 6.4572666E+003, 1.6219741E+003, 0.0000000E+000
 6.4898145E+003, 1.6054570E+003, 0.0000000E+000
 6.5253743E+003, 1.5932963E+003, 0.0000000E+000
 6.5669296E+003, 1.5868513E+003, 0.0000000E+000
 6.6245259E+003, 1.5921712E+003, 0.0000000E+000
 6.6841666E+003, 1.6185806E+003, 0.0000000E+000
 6.7316486E+003, 1.6639814E+003, 0.0000000E+000
 6.7618655E+003, 1.7227767E+003, 0.0000000E+000
 6.7725546E+003, 1.7813747E+003, 0.0000000E+000
 6.7684012E+003, 1.8394763E+003, 0.0000000E+000
 6.7479807E+003, 1.9034958E+003, 0.0000000E+000
 6.7187832E+003, 1.9560984E+003, 0.0000000E+000
 6.6799208E+003, 2.0068652E+003, 0.0000000E+000
 6.6466746E+003, 2.0441121E+003, 0.0000000E+000
 6.6230915E+003, 2.0699691E+003, 0.0000000E+000
 6.5974281E+003, 2.0994448E+003, 0.0000000E+000
 6.5770941E+003, 2.1259994E+003, 0.0000000E+000
 6.5525229E+003, 2.1666314E+003, 0.0000000E+000
 6.5371453E+003, 2.2072866E+003, 0.0000000E+000
 6.5305860E+003, 2.2608320E+003, 0.0000000E+000
 6.5420583E+003, 2.3191893E+003, 0.0000000E+000
 6.5776505E+003, 2.3760813E+003, 0.0000000E+000
 6.6267234E+003, 2.4136649E+003, 0.0000000E+000
 6.6848691E+003, 2.4339344E+003, 0.0000000E+000
 6.7517382E+003, 2.4364590E+003, 0.0000000E+000
 6.8111327E+003, 2.4233737E+003, 0.0000000E+000
 6.8567864E+003, 2.4040025E+003, 0.0000000E+000
 6.8970248E+003, 2.3801457E+003, 0.0000000E+000
 6.9475683E+003, 2.3409716E+003, 0.0000000E+000
 6.9895441E+003, 2.3018443E+003, 0.0000000E+000
 7.0339807E+003, 2.2559002E+003, 0.0000000E+000
 7.0741377E+003, 2.2133873E+003, 0.0000000E+000
 7.1027150E+003, 2.1840150E+003, 0.0000000E+000
 7.1317417E+003, 2.1555718E+003, 0.0000000E+000
 7.1569085E+003, 2.1322983E+003, 0.0000000E+000
 7.1829054E+003, 2.1096444E+003, 0.0000000E+000
 7.2281205E+003, 2.0734675E+003, 0.0000000E+000
 7.2715075E+003, 2.0418824E+003, 0.0000000E+000
 7.3086067E+003, 2.0165103E+003, 0.0000000E+000
 7.3446072E+003, 1.9926906E+003, 0.0000000E+000
 7.3842392E+003, 1.9665940E+003, 0.0000000E+000
 7.4396548E+003, 1.9288027E+003, 0.0000000E+000
 7.4919425E+003, 1.8893831E+003, 0.0000000E+000
 7.5396508E+003, 1.8481820E+003, 0.0000000E+000
 7.5647553E+003, 1.8238151E+003, 0.0000000E+000
 7.5887992E+003, 1.7983769E+003, 0.0000000E+000
 7.6276327E+003, 1.7522179E+003, 0.0000000E+000
 7.6611628E+003, 1.7066861E+003, 0.0000000E+000
 7.6841211E+003, 1.6723336E+003, 0.0000000E+000
 7.7054782E+003, 1.6380309E+003, 0.0000000E+000
 7.7316933E+003, 1.5930575E+003, 0.0000000E+000
 7.7588877E+003, 1.5436042E+003, 0.0000000E+000
 7.7780142E+003, 1.5075522E+003, 0.0000000E+000
 7.7981811E+003, 1.4686406E+003, 0.0000000E+000
 7.8190089E+003, 1.4276595E+003, 0.0000000E+000
 7.8390478E+003, 1.3875089E+003, 0.0000000E+000
 7.8597579E+003, 1.3450590E+003, 0.0000000E+000
 7.8853691E+003, 1.2908396E+003, 0.0000000E+000
 7.9096913E+003, 1.2366006E+003, 0.0000000E+000
 7.9273535E+003, 1.1947214E+003, 0.0000000E+000
 7.9470060E+003, 1.1447923E+003, 0.0000000E+000
 7.9617079E+003, 1.1044228E+003, 0.0000000E+000
 7.9773496E+003, 1.0580531E+003, 0.0000000E+000
 7.9906007E+003, 1.0156332E+003, 0.0000000E+000
 8.0048511E+003, 9.6698718E+002, 0.0000000E+000
 8.0184104E+003, 9.1894097E+002, 0.0000000E+000
 8.0344183E+003, 8.6290248E+002, 0.0000000E+000
 8.0504847E+003, 8.1165163E+002, 0.0000000E+000
 8.0710191E+003, 7.5618062E+002, 0.0000000E+000
 8.0980316E+003, 6.9918359E+002, 0.0000000E+000
 8.1179470E+003, 6.6638823E+002, 0.0000000E+000
 8.1420124E+003, 6.3401854E+002, 0.0000000E+000
 8.1669695E+003, 6.0686490E+002, 0.0000000E+000
 8.1962488E+003, 5.8139251E+002, 0.0000000E+000
 8.2452295E+003, 5.5046003E+002, 0.0000000E+000
 8.3002456E+003, 5.2931270E+002, 0.0000000E+000
 8.3538555E+003, 5.1999371E+002, 0.0000000E+000
 8.4086854E+003, 5.2078539E+002, 0.0000000E+000
 8.4545848E+003, 5.2926494E+002, 0.0000000E+000
 8.4995631E+003, 5.4480155E+002, 0.0000000E+000
 8.5560978E+003, 5.7579096E+002, 0.0000000E+000
 8.6034502E+003, 6.1357588E+002, 0.0000000E+000
 8.6397607E+003, 6.5208927E+002, 0.0000000E+000
 8.6707401E+003, 6.9389562E+002, 0.0000000E+000
 8.7026279E+003, 7.4959697E+002, 0.0000000E+000
 8.7270155E+003, 8.0578271E+002, 0.0000000E+000
 8.7382546E+003, 8.3793705E+002, 0.0000000E+000
 8.7479336E+003, 8.7051788E+002, 0.0000000E+000
 8.7610111E+003, 9.2581456E+002, 0.0000000E+000
 8.7692790E+003, 9.7181893E+002, 0.0000000E+000
 8.7748672E+003, 1.0115279E+003, 0.0000000E+000
 8.7797851E+003, 1.0562186E+003, 0.0000000E+000
 8.7849021E+003, 1.1176790E+003, 0.0000000E+000
 8.7875503E+003, 1.1525192E+003, 0.0000000E+000
 8.7913974E+003, 1.2007994E+003, 0.0000000E+000
 8.7947651E+003, 1.2348494E+003, 0.0000000E+000
 8.8002616E+003, 1.2774297E+003, 0.0000000E+000
 8.8084170E+003, 1.3219207E+003, 0.0000000E+000
 8.8240596E+003, 1.3787035E+003, 0.0000000E+000
 8.8439426E+003, 1.4261490E+003, 0.0000000E+000
 8.8740555E+003, 1.4750087E+003, 0.0000000E+000
 8.9150923E+003, 1.5190932E+003, 0.0000000E+000
 8.9713054E+003, 1.5561401E+003, 0.0000000E+000
 9.0314055E+003, 1.5762231E+003, 0.0000000E+000
 9.0791595E+003, 1.5809985E+003, 0.0000000E+000
 9.1254014E+003, 1.5769671E+003, 0.0000000E+000
 9.1643446E+003, 1.5664969E+003, 0.0000000E+000
 9.2182719E+003, 1.5367959E+003, 0.0000000E+000
 9.2662328E+003, 1.5017918E+003, 0.0000000E+000
 9.3085489E+003, 1.4620541E+003, 0.0000000E+000
 9.3438403E+003, 1.4086576E+003, 0.0000000E+000
 9.3629623E+003, 1.3681432E+003, 0.0000000E+000
 9.3769838E+003, 1.3275400E+003, 0.0000000E+000
 9.3857947E+003, 1.2910368E+003, 0.0000000E+000
 9.3915055E+003, 1.2534329E+003, 0.0000000E+000
 9.3941358E+003, 1.1903693E+003, 0.0000000E+000
 9.3892339E+003, 1.1303452E+003, 0.0000000E+000
 9.3770500E+003, 1.0693024E+003, 0.0000000E+000
 9.3598454E+003, 1.0142009E+003, 0.0000000E+000
 9.3412418E+003, 9.6907402E+002, 0.0000000E+000
 9.3195292E+003, 9.2605767E+002, 0.0000000E+000
 9.3015375E+003, 8.9536812E+002, 0.0000000E+000
 9.2821464E+003, 8.6589053E+002, 0.0000000E+000
 9.2579355E+003, 8.3304489E+002, 0.0000000E+000
 9.2324246E+003, 8.0210890E+002, 0.0000000E+000
 9.1895439E+003, 7.5663192E+002, 0.0000000E+000
 9.1457930E+003, 7.1657623E+002, 0.0000000E+000
 9.1166319E+003, 6.9265190E+002, 0.0000000E+000
 9.0866907E+003, 6.7003584E+002, 0.0000000E+000
 9.0330292E+003, 6.3372479E+002, 0.0000000E+000
 8.9967179E+003, 6.1169052E+002, 0.0000000E+000
 8.9611567E+003, 5.9183532E+002, 0.0000000E+000
 8.9089855E+003, 5.6541363E+002, 0.0000000E+000
 8.8677947E+003, 5.4649042E+002, 0.0000000E+000
 8.8308241E+003, 5.3076101E+002, 0.0000000E+000
 8.7963637E+003, 5.1702241E+002, 0.0000000E+000
 8.7468233E+003, 4.9858190E+002, 0.0000000E+000
 8.7057730E+003, 4.8410735E+002, 0.0000000E+000
 8.6744828E+003, 4.7334477E+002, 0.0000000E+000
 8.6354926E+003, 4.6000661E+002, 0.0000000E+000
 8.6044923E+003, 4.4916464E+002, 0.0000000E+000
 8.5719219E+003, 4.3728007E+002, 0.0000000E+000
 8.5251608E+003, 4.1869809E+002, 0.0000000E+000
 8.4699383E+003, 3.9271331E+002, 0.0000000E+000
 8.4302446E+003, 3.6939516E+002, 0.0000000E+000
 8.3877584E+003, 3.3790027E+002, 0.0000000E+000
 8.3627724E+003, 3.1447096E+002, 0.0000000E+000
 8.3401351E+003, 2.8844535E+002, 0.0000000E+000
 8.3128141E+003, 2.4672515E+002, 0.0000000E+000
 8.2928526E+003, 1.9996241E+002, 0.0000000E+000
 8.2822235E+003, 1.5266124E+002, 0.0000000E+000
 8.2803881E+003, 1.0276382E+002, 0.0000000E+000
 8.2871875E+003, 5.5993290E+001, 0.0000000E+000
 8.3023414E+003, 1.0082643E+001, 0.0000000E+000
 8.3296393E+003,-3.9517644E+001, 0.0000000E+000
 8.3657003E+003,-8.3141819E+001, 0.0000000E+000
 8.4148716E+003,-1.2402684E+002, 0.0000000E+000
 8.4678511E+003,-1.5415324E+002, 0.0000000E+000
 8.5172882E+003,-1.7330515E+002, 0.0000000E+000
 8.5683240E+003,-1.8598192E+002, 0.0000000E+000
 8.6344685E+003,-1.9344226E+002, 0.0000000E+000
 8.7017024E+003,-1.9211178E+002, 0.0000000E+000
 8.7683549E+003,-1.8271417E+002, 0.0000000E+000
 8.8120368E+003,-1.7234821E+002, 0.0000000E+000
 8.8472880E+003,-1.6152357E+002, 0.0000000E+000
 8.8816990E+003,-1.4877896E+002, 0.0000000E+000
 8.9238098E+003,-1.3012821E+002, 0.0000000E+000
 8.9635804E+003,-1.0925677E+002, 0.0000000E+000
 8.9933512E+003,-9.1445101E+001, 0.0000000E+000
 9.0222920E+003,-7.2221632E+001, 0.0000000E+000
 9.0683927E+003,-3.7461150E+001, 0.0000000E+000
 9.1050434E+003,-6.1278192E+000, 0.0000000E+000
 9.1359937E+003, 2.2849436E+001, 0.0000000E+000
 9.1651736E+003, 5.2095296E+001, 0.0000000E+000
 9.2069024E+003, 9.6604326E+001, 0.0000000E+000
 9.2466298E+003, 1.4002893E+002, 0.0000000E+000
 9.2891954E+003, 1.8511365E+002, 0.0000000E+000
 9.3375493E+003, 2.3120178E+002, 0.0000000E+000
 9.3904432E+003, 2.7264480E+002, 0.0000000E+000
 9.4385501E+003, 3.0150872E+002, 0.0000000E+000
 9.4969786E+003, 3.2608836E+002, 0.0000000E+000
 9.5330715E+003, 3.3594432E+002, 0.0000000E+000
 9.5696451E+003, 3.4213587E+002, 0.0000000E+000
 9.6127908E+003, 3.4486132E+002, 0.0000000E+000
 9.6773758E+003, 3.4044961E+002, 0.0000000E+000
 9.7258001E+003, 3.3180748E+002, 0.0000000E+000
 9.7708611E+003, 3.2088511E+002, 0.0000000E+000
 9.8032602E+003, 3.1235941E+002, 0.0000000E+000
 9.8348380E+003, 3.0426563E+002, 0.0000000E+000
 9.8729545E+003, 2.9584951E+002, 0.0000000E+000
 9.9100010E+003, 2.9043904E+002, 0.0000000E+000
 9.9575503E+003, 2.8920041E+002, 0.0000000E+000
 9.9950553E+003, 2.9442310E+002, 0.0000000E+000
 1.0035419E+004, 3.0792678E+002, 0.0000000E+000
 1.0079943E+004, 3.3675012E+002, 0.0000000E+000
 1.0106273E+004, 3.6604778E+002, 0.0000000E+000
 1.0126599E+004, 4.0081886E+002, 0.0000000E+000
 1.0145609E+004, 4.6551946E+002, 0.0000000E+000
 1.0146093E+004, 5.2952417E+002, 0.0000000E+000
 1.0127573E+004, 5.9276385E+002, 0.0000000E+000
 1.0096552E+004, 6.4617345E+002, 0.0000000E+000
 1.0073238E+004, 6.7440238E+002, 0.0000000E+000
 1.0047128E+004, 6.9954595E+002, 0.0000000E+000
 9.9969600E+003, 7.3654330E+002, 0.0000000E+000
 9.9662858E+003, 7.5468451E+002, 0.0000000E+000
 9.9352530E+003, 7.7067274E+002, 0.0000000E+000
 9.8819011E+003, 7.9433786E+002, 0.0000000E+000
 9.8359898E+003, 8.1323537E+002, 0.0000000E+000
 9.8000488E+003, 8.2853666E+002, 0.0000000E+000
 9.7627772E+003, 8.4611462E+002, 0.0000000E+000
 9.7181822E+003, 8.7167019E+002, 0.0000000E+000
 9.6723903E+003, 9.0774940E+002, 0.0000000E+000
 9.6459064E+003, 9.3765683E+002, 0.0000000E+000
 9.6221279E+003, 9.7671728E+002, 0.0000000E+000
 9.6086308E+003, 1.0133446E+003, 0.0000000E+000
 9.6020962E+003, 1.0535569E+003, 0.0000000E+000
 9.6049368E+003, 1.1014861E+003, 0.0000000E+000
 9.6209487E+003, 1.1511719E+003, 0.0000000E+000
 9.6590063E+003, 1.2062991E+003, 0.0000000E+000
 9.6843520E+003, 1.2302699E+003, 0.0000000E+000
 9.7122949E+003, 1.2505215E+003, 0.0000000E+000
 9.7455887E+003, 1.2688463E+003, 0.0000000E+000
 9.7803716E+003, 1.2826095E+003, 0.0000000E+000
 9.8279619E+003, 1.2942199E+003, 0.0000000E+000
 9.8846589E+003, 1.2996007E+003, 0.0000000E+000
 9.9512218E+003, 1.2976233E+003, 0.0000000E+000
 1.0006002E+004, 1.2931102E+003, 0.0000000E+000
 1.0056600E+004, 1.2905285E+003, 0.0000000E+000
 1.0093199E+004, 1.2927529E+003, 0.0000000E+000
 1.0129601E+004, 1.2983975E+003, 0.0000000E+000
 1.0165001E+004, 1.3078963E+003, 0.0000000E+000
 1.0201216E+004, 1.3265371E+003, 0.0000000E+000
 1.0235443E+004, 1.3563506E+003, 0.0000000E+000
 1.0260082E+004, 1.3913619E+003, 0.0000000E+000
 1.0278941E+004, 1.4299441E+003, 0.0000000E+000
 1.0311301E+004, 1.4664703E+003, 0.0000000E+000
 1.0345918E+004, 1.4820944E+003, 0.0000000E+000
 1.0386765E+004, 1.4776632E+003, 0.0000000E+000
 1.0419776E+004, 1.4277929E+003, 0.0000000E+000
 1.0439399E+004, 1.3667025E+003, 0.0000000E+000
 1.0446310E+004, 1.3321045E+003, 0.0000000E+000
 1.0451388E+004, 1.2982621E+003, 0.0000000E+000
 1.0460279E+004, 1.2354496E+003, 0.0000000E+000
 1.0471046E+004, 1.1781101E+003, 0.0000000E+000
 1.0480267E+004, 1.1437196E+003, 0.0000000E+000
 1.0493202E+004, 1.1069758E+003, 0.0000000E+000
 1.0523053E+004, 1.0482675E+003, 0.0000000E+000
 1.0561078E+004, 9.9863552E+002, 0.0000000E+000
 1.0605331E+004, 9.5832080E+002, 0.0000000E+000
 1.0651576E+004, 9.2839812E+002, 0.0000000E+000
 1.0696199E+004, 9.0787141E+002, 0.0000000E+000
 1.0739606E+004, 8.9410263E+002, 0.0000000E+000
 1.0777805E+004, 8.8619592E+002, 0.0000000E+000
 1.0816302E+004, 8.8153173E+002, 0.0000000E+000
 1.0880200E+004, 8.7963759E+002, 0.0000000E+000
 1.0916400E+004, 8.8006480E+002, 0.0000000E+000
 1.0951600E+004, 8.8074322E+002, 0.0000000E+000
 1.1016197E+004, 8.8045141E+002, 0.0000000E+000
 1.1074093E+004, 8.7333794E+002, 0.0000000E+000
 1.1112493E+004, 8.6195186E+002, 0.0000000E+000
 1.1147304E+004, 8.4506929E+002, 0.0000000E+000
 1.1182527E+004, 8.1855279E+002, 0.0000000E+000
 1.1208257E+004, 7.8895123E+002, 0.0000000E+000
 1.1228588E+004, 7.5223944E+002, 0.0000000E+000
 1.1242714E+004, 6.9595242E+002, 0.0000000E+000
 1.1240116E+004, 6.3751314E+002, 0.0000000E+000
 1.1223898E+004, 5.8648509E+002, 0.0000000E+000
 1.1196473E+004, 5.4064480E+002, 0.0000000E+000
 1.1171252E+004, 5.1176867E+002, 0.0000000E+000
 1.1142335E+004, 4.8672642E+002, 0.0000000E+000
 1.1087620E+004, 4.5334642E+002, 0.0000000E+000
 1.1046112E+004, 4.3554913E+002, 0.0000000E+000
 1.1006508E+004, 4.2260046E+002, 0.0000000E+000
 1.0941407E+004, 4.0679791E+002, 0.0000000E+000
 1.0905406E+004, 3.9843186E+002, 0.0000000E+000
 1.0869806E+004, 3.8966791E+002, 0.0000000E+000
 1.0806103E+004, 3.7097873E+002, 0.0000000E+000
 1.0752100E+004, 3.4754535E+002, 0.0000000E+000
 1.0712388E+004, 3.1902658E+002, 0.0000000E+000
 1.0672257E+004, 2.6873086E+002, 0.0000000E+000
 1.0657131E+004, 2.3167924E+002, 0.0000000E+000
 1.0650511E+004, 1.9135464E+002, 0.0000000E+000
 1.0654499E+004, 1.4442155E+002, 0.0000000E+000
 1.0671203E+004, 9.7884342E+001, 0.0000000E+000
 1.0707722E+004, 4.7601445E+001, 0.0000000E+000
 1.0755550E+004, 1.0726072E+001, 0.0000000E+000
 1.0800873E+004,-9.9868744E+000, 0.0000000E+000
 1.0847490E+004,-2.1745657E+001, 0.0000000E+000
 1.0907900E+004,-2.6126516E+001, 0.0000000E+000
 1.0959904E+004,-2.2379194E+001, 0.0000000E+000
 1.1004206E+004,-1.5027145E+001, 0.0000000E+000
 1.1044307E+004,-6.1037903E+000, 0.0000000E+000
 1.1082406E+004, 3.3329720E+000, 0.0000000E+000
 1.1120105E+004, 1.2536430E+001, 0.0000000E+000
 1.1162703E+004, 2.1270600E+001, 0.0000000E+000
 1.1203500E+004, 2.6128508E+001, 0.0000000E+000
 1.1252701E+004, 2.5435267E+001, 0.0000000E+000
 1.1308610E+004, 1.2839252E+001, 0.0000000E+000
 1.1355233E+004,-1.1242758E+001, 0.0000000E+000
 1.1396962E+004,-4.9753314E+001, 0.0000000E+000
 1.1424487E+004,-9.3554407E+001, 0.0000000E+000
 1.1441199E+004,-1.4333039E+002, 0.0000000E+000
 1.1446303E+004,-1.7808178E+002, 0.0000000E+000
 1.1447400E+004,-2.1289741E+002, 0.0000000E+000
 1.1443286E+004,-2.6620536E+002, 0.0000000E+000
 1.1435165E+004,-3.2439803E+002, 0.0000000E+000
 1.1431541E+004,-3.7408531E+002, 0.0000000E+000
 1.1436809E+004,-4.2577083E+002, 0.0000000E+000
 1.1454475E+004,-4.6966047E+002, 0.0000000E+000
 1.1488458E+004,-5.0780013E+002, 0.0000000E+000
 1.1549666E+004,-5.3367195E+002, 0.0000000E+000
 1.1594413E+004,-5.3550620E+002, 0.0000000E+000
 1.1636355E+004,-5.2631068E+002, 0.0000000E+000
 1.1681083E+004,-5.0400818E+002, 0.0000000E+000
 1.1721092E+004,-4.6880926E+002, 0.0000000E+000
 1.1756873E+004,-4.1218729E+002, 0.0000000E+000
 1.1774549E+004,-3.5531670E+002, 0.0000000E+000
 1.1779929E+004,-2.9578133E+002, 0.0000000E+000
 1.1775821E+004,-2.4300199E+002, 0.0000000E+000
 1.1765122E+004,-1.9148445E+002, 0.0000000E+000
 1.1750025E+004,-1.4279357E+002, 0.0000000E+000
 1.1737728E+004,-1.1041971E+002, 0.0000000E+000
 1.1724429E+004,-7.8864846E+001, 0.0000000E+000
 1.1703830E+004,-3.4135128E+001, 0.0000000E+000
 1.1677625E+004, 2.1018852E+001, 0.0000000E+000
 1.1660018E+004, 6.1213770E+001, 0.0000000E+000
 1.1644806E+004, 1.0166221E+002, 0.0000000E+000
 1.1634597E+004, 1.3532211E+002, 0.0000000E+000
 1.1626785E+004, 1.7041195E+002, 0.0000000E+000
 1.1620667E+004, 2.3524005E+002, 0.0000000E+000
 1.1626955E+004, 2.9503768E+002, 0.0000000E+000
 1.1645449E+004, 3.4960972E+002, 0.0000000E+000
 1.1668450E+004, 3.8814289E+002, 0.0000000E+000
 1.1698854E+004, 4.2213064E+002, 0.0000000E+000
 1.1731363E+004, 4.4712542E+002, 0.0000000E+000
 1.1768772E+004, 4.6656595E+002, 0.0000000E+000
 1.1804483E+004, 4.7823817E+002, 0.0000000E+000
 1.1842096E+004, 4.8449277E+002, 0.0000000E+000
 1.1896207E+004, 4.8385694E+002, 0.0000000E+000
 1.1946417E+004, 4.7364126E+002, 0.0000000E+000
 1.1988624E+004, 4.5764703E+002, 0.0000000E+000
 1.2028529E+004, 4.3573082E+002, 0.0000000E+000
 1.2078630E+004, 3.9716514E+002, 0.0000000E+000
 1.2118631E+004, 3.5583333E+002, 0.0000000E+000
 1.2156230E+004, 3.0623190E+002, 0.0000000E+000
 1.2182328E+004, 2.6566411E+002, 0.0000000E+000
 1.2201725E+004, 2.3290669E+002, 0.0000000E+000
 1.2219822E+004, 2.0142977E+002, 0.0000000E+000
 1.2237619E+004, 1.7103932E+002, 0.0000000E+000
 1.2255813E+004, 1.4218981E+002, 0.0000000E+000
 1.2276807E+004, 1.1255068E+002, 0.0000000E+000
 1.2308297E+004, 7.6283925E+001, 0.0000000E+000
 1.2335392E+004, 5.2595564E+001, 0.0000000E+000
 1.2368891E+004, 3.1817157E+001, 0.0000000E+000
 1.2425289E+004, 1.5654489E+001, 0.0000000E+000
 1.2488600E+004, 1.2096659E+001, 0.0000000E+000
 1.2524316E+004, 1.5774295E+001, 0.0000000E+000
 1.2559231E+004, 2.6666399E+001, 0.0000000E+000
 1.2607160E+004, 6.3706041E+001, 0.0000000E+000
 1.2630674E+004, 8.9836648E+001, 0.0000000E+000
 1.2650977E+004, 1.1782675E+002, 0.0000000E+000
 1.2671164E+004, 1.5217536E+002, 0.0000000E+000
 1.2686350E+004, 1.8951327E+002, 0.0000000E+000
 1.2694951E+004, 2.3307979E+002, 0.0000000E+000
 1.2696848E+004, 2.7586185E+002, 0.0000000E+000
 1.2688543E+004, 3.4140890E+002, 0.0000000E+000
 1.2676538E+004, 3.8543222E+002, 0.0000000E+000
 1.2662037E+004, 4.2418564E+002, 0.0000000E+000
 1.2639836E+004, 4.7242549E+002, 0.0000000E+000
 1.2619733E+004, 5.1155320E+002, 0.0000000E+000
 1.2600929E+004, 5.4685329E+002, 0.0000000E+000
 1.2584424E+004, 5.7898448E+002, 0.0000000E+000
 1.2561412E+004, 6.2980557E+002, 0.0000000E+000
 1.2543393E+004, 6.8868330E+002, 0.0000000E+000
 1.2538277E+004, 7.2829910E+002, 0.0000000E+000
 1.2540059E+004, 7.7489552E+002, 0.0000000E+000
 1.2557938E+004, 8.3650226E+002, 0.0000000E+000
 1.2576937E+004, 8.6968440E+002, 0.0000000E+000
 1.2602140E+004, 8.9920809E+002, 0.0000000E+000
 1.2629649E+004, 9.2189104E+002, 0.0000000E+000
 1.2660964E+004, 9.3999514E+002, 0.0000000E+000
 1.2711180E+004, 9.5717715E+002, 0.0000000E+000
 1.2760396E+004, 9.6314466E+002, 0.0000000E+000
 1.2801608E+004, 9.6130102E+002, 0.0000000E+000
 1.2842217E+004, 9.5395932E+002, 0.0000000E+000
 1.2904718E+004, 9.3256852E+002, 0.0000000E+000
 1.2946718E+004, 9.1266493E+002, 0.0000000E+000
 1.2983316E+004, 8.9253974E+002, 0.0000000E+000
 1.3019314E+004, 8.7121491E+002, 0.0000000E+000
 1.3055609E+004, 8.4957630E+002, 0.0000000E+000
 1.3092105E+004, 8.2886306E+002, 0.0000000E+000
 1.3131200E+004, 8.0891796E+002, 0.0000000E+000
 1.3166596E+004, 7.9343319E+002, 0.0000000E+000
 1.3205493E+004, 7.7921637E+002, 0.0000000E+000
 1.3243991E+004, 7.6775091E+002, 0.0000000E+000
 1.3281091E+004, 7.5846025E+002, 0.0000000E+000
 1.3333290E+004, 7.4691140E+002, 0.0000000E+000
 1.3387789E+004, 7.3337506E+002, 0.0000000E+000
 1.3440491E+004, 7.1453081E+002, 0.0000000E+000
 1.3484101E+004, 6.9064485E+002, 0.0000000E+000
 1.3523023E+004, 6.5838967E+002, 0.0000000E+000
 1.3547245E+004, 6.2949169E+002, 0.0000000E+000
 1.3567267E+004, 5.9584850E+002, 0.0000000E+000
 1.3580585E+004, 5.6310170E+002, 0.0000000E+000
 1.3589897E+004, 5.2853887E+002, 0.0000000E+000
 1.3597199E+004, 4.6763090E+002, 0.0000000E+000
 1.3598383E+004, 4.0692001E+002, 0.0000000E+000
 1.3600053E+004, 3.4795950E+002, 0.0000000E+000
 1.3608113E+004, 2.9200026E+002, 0.0000000E+000
 1.3628669E+004, 2.3447181E+002, 0.0000000E+000
 1.3658146E+004, 1.9026348E+002, 0.0000000E+000
 1.3698542E+004, 1.5367658E+002, 0.0000000E+000
 1.3740556E+004, 1.3012879E+002, 0.0000000E+000
 1.3785673E+004, 1.1525135E+002, 0.0000000E+000
 1.3826190E+004, 1.0856926E+002, 0.0000000E+000
 1.3866903E+004, 1.0688990E+002, 0.0000000E+000
 1.3929808E+004, 1.1228060E+002, 0.0000000E+000
 1.3983607E+004, 1.2223089E+002, 0.0000000E+000
 1.4033303E+004, 1.3430672E+002, 0.0000000E+000
 1.4094499E+004, 1.5151769E+002, 0.0000000E+000
 1.4130097E+004, 1.6220282E+002, 0.0000000E+000
 1.4164096E+004, 1.7273093E+002, 0.0000000E+000
 1.4202396E+004, 1.8491412E+002, 0.0000000E+000
 1.4242197E+004, 1.9784013E+002, 0.0000000E+000
 1.4275899E+004, 2.0896219E+002, 0.0000000E+000
 1.4311700E+004, 2.2082578E+002, 0.0000000E+000
 1.4344801E+004, 2.3166872E+002, 0.0000000E+000
 1.4381902E+004, 2.4334285E+002, 0.0000000E+000
 1.4417202E+004, 2.5364799E+002, 0.0000000E+000
 1.4457702E+004, 2.6385979E+002, 0.0000000E+000
 1.4492301E+004, 2.7065380E+002, 0.0000000E+000
 1.4529900E+004, 2.7553033E+002, 0.0000000E+000
 1.4593701E+004, 2.7654072E+002, 0.0000000E+000
 1.4649408E+004, 2.6776346E+002, 0.0000000E+000
 1.4705520E+004, 2.4754236E+002, 0.0000000E+000
 1.4751735E+004, 2.1958312E+002, 0.0000000E+000
 1.4790648E+004, 1.8462742E+002, 0.0000000E+000
 1.4819756E+004, 1.4795071E+002, 0.0000000E+000
 1.4843259E+004, 1.0650532E+002, 0.0000000E+000
 1.4856859E+004, 7.3394516E+001, 0.0000000E+000
 1.4866956E+004, 3.9408152E+001, 0.0000000E+000
 1.4874552E+004, 2.2916129E-001, 0.0000000E+000
 1.4878646E+004,-3.8750155E+001, 0.0000000E+000
 1.4879033E+004,-1.0510929E+002, 0.0000000E+000
 1.4873723E+004,-1.6343198E+002, 0.0000000E+000
 1.4863915E+004,-2.2088519E+002, 0.0000000E+000
 1.4850411E+004,-2.7549017E+002, 0.0000000E+000
 1.4835010E+004,-3.2329760E+002, 0.0000000E+000
 1.4815911E+004,-3.7094958E+002, 0.0000000E+000
 1.4799411E+004,-4.0529194E+002, 0.0000000E+000
 1.4780413E+004,-4.3910505E+002, 0.0000000E+000
 1.4761316E+004,-4.6841697E+002, 0.0000000E+000
 1.4740217E+004,-4.9673688E+002, 0.0000000E+000
 1.4704219E+004,-5.3710087E+002, 0.0000000E+000
 1.4665719E+004,-5.7186908E+002, 0.0000000E+000
 1.4633817E+004,-5.9519806E+002, 0.0000000E+000
 1.4581119E+004,-6.2482411E+002, 0.0000000E+000
 1.4527815E+004,-6.4917457E+002, 0.0000000E+000
 1.4474509E+004,-6.6885596E+002, 0.0000000E+000
 1.4420506E+004,-6.8318623E+002, 0.0000000E+000
 1.4373805E+004,-6.9316556E+002, 0.0000000E+000
 1.4313604E+004,-7.0435660E+002, 0.0000000E+000
 1.4260203E+004,-7.1486032E+002, 0.0000000E+000
 1.4227902E+004,-7.2252676E+002, 0.0000000E+000
 1.4192401E+004,-7.3276911E+002, 0.0000000E+000
 1.4144697E+004,-7.5102492E+002, 0.0000000E+000
 1.4089287E+004,-7.8258005E+002, 0.0000000E+000
 1.4054674E+004,-8.1246611E+002, 0.0000000E+000
 1.4027959E+004,-8.4487344E+002, 0.0000000E+000
 1.4006843E+004,-8.8146913E+002, 0.0000000E+000
 1.3993333E+004,-9.1550780E+002, 0.0000000E+000
 1.3984328E+004,-9.5224490E+002, 0.0000000E+000
 1.3980929E+004,-1.0141932E+003, 0.0000000E+000
 1.3989436E+004,-1.0656870E+003, 0.0000000E+000
 1.4007446E+004,-1.1134776E+003, 0.0000000E+000
 1.4041757E+004,-1.1671015E+003, 0.0000000E+000
 1.4067465E+004,-1.1951360E+003, 0.0000000E+000
 1.4095272E+004,-1.2190873E+003, 0.0000000E+000
 1.4128677E+004,-1.2415989E+003, 0.0000000E+000
 1.4163182E+004,-1.2596598E+003, 0.0000000E+000
 1.4202987E+004,-1.2753001E+003, 0.0000000E+000
 1.4244792E+004,-1.2867998E+003, 0.0000000E+000
 1.4302896E+004,-1.2956476E+003, 0.0000000E+000
 1.4344700E+004,-1.2975155E+003, 0.0000000E+000
 1.4385402E+004,-1.2959927E+003, 0.0000000E+000
 1.4421204E+004,-1.2919999E+003, 0.0000000E+000
 1.4456506E+004,-1.2856168E+003, 0.0000000E+000
 1.4495208E+004,-1.2756540E+003, 0.0000000E+000
 1.4552211E+004,-1.2548261E+003, 0.0000000E+000
 1.4605911E+004,-1.2304730E+003, 0.0000000E+000
 1.4656610E+004,-1.2029957E+003, 0.0000000E+000
 1.4710111E+004,-1.1663753E+003, 0.0000000E+000
 1.4750313E+004,-1.1338353E+003, 0.0000000E+000
 1.4786114E+004,-1.1007948E+003, 0.0000000E+000
 1.4815015E+004,-1.0708937E+003, 0.0000000E+000
 1.4841916E+004,-1.0400131E+003, 0.0000000E+000
 1.4872016E+004,-1.0017617E+003, 0.0000000E+000
 1.4898915E+004,-9.6361004E+002, 0.0000000E+000
 1.4920315E+004,-9.2987985E+002, 0.0000000E+000
 1.4940614E+004,-8.9460943E+002, 0.0000000E+000
 1.4969813E+004,-8.3642346E+002, 0.0000000E+000
 1.4984413E+004,-8.0316834E+002, 0.0000000E+000
 1.4997414E+004,-7.7006701E+002, 0.0000000E+000
 1.5010813E+004,-7.3176738E+002, 0.0000000E+000
 1.5022514E+004,-6.9319581E+002, 0.0000000E+000
 1.5037814E+004,-6.3168613E+002, 0.0000000E+000
 1.5048815E+004,-5.7251854E+002, 0.0000000E+000
 1.5054115E+004,-5.3544594E+002, 0.0000000E+000
 1.5058314E+004,-4.9832220E+002, 0.0000000E+000
 1.5062814E+004,-4.3341275E+002, 0.0000000E+000
 1.5064213E+004,-3.8982222E+002, 0.0000000E+000
 1.5064312E+004,-3.4723889E+002, 0.0000000E+000
 1.5063512E+004,-3.1270863E+002, 0.0000000E+000
 1.5062110E+004,-2.7826849E+002, 0.0000000E+000
 1.5059509E+004,-2.3845930E+002, 0.0000000E+000
 1.5056108E+004,-1.9931113E+002, 0.0000000E+000
 1.5048907E+004,-1.3680907E+002, 0.0000000E+000
 1.5043107E+004,-9.6808769E+001, 0.0000000E+000
 1.5036508E+004,-5.7385464E+001, 0.0000000E+000
 1.5030206E+004,-2.3539023E+001, 0.0000000E+000
 1.5023108E+004, 1.0286342E+001, 0.0000000E+000
 1.5009807E+004, 6.7192682E+001, 0.0000000E+000
 1.5000007E+004, 1.0460892E+002, 0.0000000E+000
 1.4989707E+004, 1.4098809E+002, 0.0000000E+000
 1.4977507E+004, 1.8139620E+002, 0.0000000E+000
 1.4960306E+004, 2.3480512E+002, 0.0000000E+000
 1.4946707E+004, 2.7472340E+002, 0.0000000E+000
 1.4929406E+004, 3.2437321E+002, 0.0000000E+000
 1.4910005E+004, 3.7989667E+002, 0.0000000E+000
 1.4898104E+004, 4.1480627E+002, 0.0000000E+000
 1.4886103E+004, 4.5150183E+002, 0.0000000E+000
 1.4872400E+004, 4.9716493E+002, 0.0000000E+000
 1.4858896E+004, 5.4950105E+002, 0.0000000E+000
 1.4849592E+004, 5.9563366E+002, 0.0000000E+000
 1.4844689E+004, 6.2984074E+002, 0.0000000E+000
 1.4841585E+004, 6.6507455E+002, 0.0000000E+000
 1.4841579E+004, 7.3025840E+002, 0.0000000E+000
 1.4850173E+004, 7.9169913E+002, 0.0000000E+000
 1.4860270E+004, 8.2939970E+002, 0.0000000E+000
 1.4874368E+004, 8.6629393E+002, 0.0000000E+000
 1.4898767E+004, 9.1192340E+002, 0.0000000E+000
 1.4931968E+004, 9.5586150E+002, 0.0000000E+000
 1.4980971E+004, 1.0007262E+003, 0.0000000E+000
 1.5015977E+004, 1.0235014E+003, 0.0000000E+000
 1.5052582E+004, 1.0412846E+003, 0.0000000E+000
 1.5100088E+004, 1.0568564E+003, 0.0000000E+000
 1.5147895E+004, 1.0652966E+003, 0.0000000E+000
 1.5200602E+004, 1.0670852E+003, 0.0000000E+000
 1.5252407E+004, 1.0617023E+003, 0.0000000E+000
 1.5297511E+004, 1.0513891E+003, 0.0000000E+000
 1.5340214E+004, 1.0367857E+003, 0.0000000E+000
 1.5376216E+004, 1.0207423E+003, 0.0000000E+000
 1.5411218E+004, 1.0017584E+003, 0.0000000E+000
 1.5462718E+004, 9.6719474E+002, 0.0000000E+000
 1.5508218E+004, 9.2963541E+002, 0.0000000E+000
 1.5551716E+004, 8.8685148E+002, 0.0000000E+000
 1.5590015E+004, 8.4272042E+002, 0.0000000E+000
 1.5625914E+004, 7.9490590E+002, 0.0000000E+000
 1.5658313E+004, 7.4509210E+002, 0.0000000E+000
 1.5677513E+004, 7.1174008E+002, 0.0000000E+000
 1.5695013E+004, 6.7818512E+002, 0.0000000E+000
 1.5716714E+004, 6.3082079E+002, 0.0000000E+000
 1.5734814E+004, 5.8502009E+002, 0.0000000E+000
 1.5748914E+004, 5.4312747E+002, 0.0000000E+000
 1.5760815E+004, 5.0098082E+002, 0.0000000E+000
 1.5771916E+004, 4.5177919E+002, 0.0000000E+000
 1.5780317E+004, 4.0172621E+002, 0.0000000E+000
 1.5787117E+004, 3.3552015E+002, 0.0000000E+000
 1.5789017E+004, 2.7412923E+002, 0.0000000E+000
 1.5788417E+004, 2.4024941E+002, 0.0000000E+000
 1.5786616E+004, 2.0640956E+002, 0.0000000E+000
 1.5779616E+004, 1.3940002E+002, 0.0000000E+000
 1.5772415E+004, 9.3745397E+001, 0.0000000E+000
 1.5764014E+004, 5.1571512E+001, 0.0000000E+000
 1.5753014E+004, 5.2285334E+000, 0.0000000E+000
 1.5737712E+004,-5.0450902E+001, 0.0000000E+000
 1.5718511E+004,-1.1224253E+002, 0.0000000E+000
 1.5702910E+004,-1.5991619E+002, 0.0000000E+000
 1.5683607E+004,-2.1879030E+002, 0.0000000E+000
 1.5672305E+004,-2.5550658E+002, 0.0000000E+000
 1.5661202E+004,-2.9550251E+002, 0.0000000E+000
 1.5652099E+004,-3.3419683E+002, 0.0000000E+000
 1.5644493E+004,-3.7869407E+002, 0.0000000E+000
 1.5640487E+004,-4.2232953E+002, 0.0000000E+000
 1.5641079E+004,-4.7183531E+002, 0.0000000E+000
 1.5646072E+004,-5.1043719E+002, 0.0000000E+000
 1.5655566E+004,-5.4926313E+002, 0.0000000E+000
 1.5667662E+004,-5.8193347E+002, 0.0000000E+000
 1.5683562E+004,-6.1363771E+002, 0.0000000E+000
 1.5721261E+004,-6.6517402E+002, 0.0000000E+000
 1.5770965E+004,-7.0847020E+002, 0.0000000E+000
 1.5806973E+004,-7.2984945E+002, 0.0000000E+000
 1.5843881E+004,-7.4561087E+002, 0.0000000E+000
 1.5887688E+004,-7.5781798E+002, 0.0000000E+000
 1.5932695E+004,-7.6438598E+002, 0.0000000E+000
 1.5975600E+004,-7.6601531E+002, 0.0000000E+000
 1.6014903E+004,-7.6448660E+002, 0.0000000E+000
 1.6068404E+004,-7.5956507E+002, 0.0000000E+000
 1.6133201E+004,-7.5447869E+002, 0.0000000E+000
 1.6194899E+004,-7.5550309E+002, 0.0000000E+000
 1.6253203E+004,-7.6758040E+002, 0.0000000E+000
 1.6296222E+004,-7.9056765E+002, 0.0000000E+000
 1.6332858E+004,-8.2728580E+002, 0.0000000E+000
 1.6358697E+004,-8.8011734E+002, 0.0000000E+000
 1.6365618E+004,-9.2138365E+002, 0.0000000E+000
 1.6363223E+004,-9.6371976E+002, 0.0000000E+000
 1.6343912E+004,-1.0249465E+003, 0.0000000E+000
 1.6318790E+004,-1.0703866E+003, 0.0000000E+000
 1.6285267E+004,-1.1176768E+003, 0.0000000E+000
 1.6255446E+004,-1.1606374E+003, 0.0000000E+000
 1.6231518E+004,-1.2081067E+003, 0.0000000E+000
 1.6222585E+004,-1.2469095E+003, 0.0000000E+000
 1.6227932E+004,-1.3054531E+003, 0.0000000E+000
 1.6262301E+004,-1.3634289E+003, 0.0000000E+000
 1.6294125E+004,-1.3885660E+003, 0.0000000E+000
 1.6331262E+004,-1.4046210E+003, 0.0000000E+000
 1.6384401E+004,-1.4115607E+003, 0.0000000E+000
 1.6435731E+004,-1.4039178E+003, 0.0000000E+000
 1.6472447E+004,-1.3902810E+003, 0.0000000E+000
 1.6506152E+004,-1.3713934E+003, 0.0000000E+000
 1.6556637E+004,-1.3304102E+003, 0.0000000E+000
 1.6594823E+004,-1.2895403E+003, 0.0000000E+000
 1.6627313E+004,-1.2493201E+003, 0.0000000E+000
 1.6655106E+004,-1.2134146E+003, 0.0000000E+000
 1.6679001E+004,-1.1831912E+003, 0.0000000E+000
 1.6703098E+004,-1.1544081E+003, 0.0000000E+000
 1.6746592E+004,-1.1081622E+003, 0.0000000E+000
 1.6773190E+004,-1.0840080E+003, 0.0000000E+000
 1.6804287E+004,-1.0593624E+003, 0.0000000E+000
 1.6838486E+004,-1.0360969E+003, 0.0000000E+000
 1.6880286E+004,-1.0124414E+003, 0.0000000E+000
 1.6927787E+004,-9.9104755E+002, 0.0000000E+000
 1.6984090E+004,-9.7227305E+002, 0.0000000E+000
 1.7024494E+004,-9.6293524E+002, 0.0000000E+000
 1.7064897E+004,-9.5697048E+002, 0.0000000E+000
 1.7106499E+004,-9.5442918E+002, 0.0000000E+000
 1.7143102E+004,-9.5543209E+002, 0.0000000E+000
 1.7181105E+004,-9.5997519E+002, 0.0000000E+000
 1.7242908E+004,-9.7604364E+002, 0.0000000E+000
 1.7279814E+004,-9.9209390E+002, 0.0000000E+000
 1.7314920E+004,-1.0130803E+003, 0.0000000E+000
 1.7342927E+004,-1.0350095E+003, 0.0000000E+000
 1.7368235E+004,-1.0603297E+003, 0.0000000E+000
 1.7396244E+004,-1.0973415E+003, 0.0000000E+000
 1.7417552E+004,-1.1367061E+003, 0.0000000E+000
 1.7431256E+004,-1.1727526E+003, 0.0000000E+000
 1.7440758E+004,-1.2111013E+003, 0.0000000E+000
 1.7446854E+004,-1.2764776E+003, 0.0000000E+000
 1.7445350E+004,-1.3144641E+003, 0.0000000E+000
 1.7440744E+004,-1.3512183E+003, 0.0000000E+000
 1.7427836E+004,-1.4080000E+003, 0.0000000E+000
 1.7409929E+004,-1.4625902E+003, 0.0000000E+000
 1.7392923E+004,-1.5058094E+003, 0.0000000E+000
 1.7373117E+004,-1.5515675E+003, 0.0000000E+000
 1.7353612E+004,-1.5951954E+003, 0.0000000E+000
 1.7332206E+004,-1.6449925E+003, 0.0000000E+000
 1.7310997E+004,-1.7013090E+003, 0.0000000E+000
 1.7300993E+004,-1.7331579E+003, 0.0000000E+000
 1.7291886E+004,-1.7683771E+003, 0.0000000E+000
 1.7280675E+004,-1.8314462E+003, 0.0000000E+000
 1.7276971E+004,-1.8665877E+003, 0.0000000E+000
 1.7274866E+004,-1.9042888E+003, 0.0000000E+000
 1.7274064E+004,-1.9514997E+003, 0.0000000E+000
 1.7274065E+004,-1.9983897E+003, 0.0000000E+000
 1.7273369E+004,-2.0315382E+003, 0.0000000E+000
 1.7268284E+004,-2.0973880E+003, 0.0000000E+000
 1.7259698E+004,-2.1374193E+003, 0.0000000E+000
 1.7243616E+004,-2.1802075E+003, 0.0000000E+000
 1.7220931E+004,-2.2177635E+003, 0.0000000E+000
 1.7188040E+004,-2.2529762E+003, 0.0000000E+000
 1.7150136E+004,-2.2785105E+003, 0.0000000E+000
 1.7105021E+004,-2.2958599E+003, 0.0000000E+000
 1.7047600E+004,-2.3027083E+003, 0.0000000E+000
 1.6992279E+004,-2.2955620E+003, 0.0000000E+000
 1.6948066E+004,-2.2804481E+003, 0.0000000E+000
 1.6907063E+004,-2.2584715E+003, 0.0000000E+000
 1.6879361E+004,-2.2387400E+003, 0.0000000E+000
 1.6853562E+004,-2.2166398E+003, 0.0000000E+000
 1.6821469E+004,-2.1839787E+003, 0.0000000E+000
 1.6795274E+004,-2.1531308E+003, 0.0000000E+000
 1.6759881E+004,-2.1062437E+003, 0.0000000E+000
 1.6731886E+004,-2.0677501E+003, 0.0000000E+000
 1.6703292E+004,-2.0303063E+003, 0.0000000E+000
 1.6678197E+004,-2.0008932E+003, 0.0000000E+000
 1.6649502E+004,-1.9723674E+003, 0.0000000E+000
 1.6605809E+004,-1.9391255E+003, 0.0000000E+000
 1.6560811E+004,-1.9170088E+003, 0.0000000E+000
 1.6502507E+004,-1.9039065E+003, 0.0000000E+000
 1.6460192E+004,-1.9046731E+003, 0.0000000E+000
 1.6418173E+004,-1.9142757E+003, 0.0000000E+000
 1.6372252E+004,-1.9365467E+003, 0.0000000E+000
 1.6330832E+004,-1.9714705E+003, 0.0000000E+000
 1.6293024E+004,-2.0271822E+003, 0.0000000E+000
 1.6272428E+004,-2.0895949E+003, 0.0000000E+000
 1.6267638E+004,-2.1483509E+003, 0.0000000E+000
 1.6274149E+004,-2.2040594E+003, 0.0000000E+000
 1.6285757E+004,-2.2457747E+003, 0.0000000E+000
 1.6302063E+004,-2.2849174E+003, 0.0000000E+000
 1.6319167E+004,-2.3163697E+003, 0.0000000E+000
 1.6338871E+004,-2.3461615E+003, 0.0000000E+000
 1.6372474E+004,-2.3870433E+003, 0.0000000E+000
 1.6407678E+004,-2.4218251E+003, 0.0000000E+000
 1.6455381E+004,-2.4603352E+003, 0.0000000E+000
 1.6500685E+004,-2.4904645E+003, 0.0000000E+000
 1.6547288E+004,-2.5167027E+003, 0.0000000E+000
 1.6593291E+004,-2.5390798E+003, 0.0000000E+000
 1.6626993E+004,-2.5537174E+003, 0.0000000E+000
 1.6660694E+004,-2.5671052E+003, 0.0000000E+000
 1.6717496E+004,-2.5873915E+003, 0.0000000E+000
 1.6779498E+004,-2.6072478E+003, 0.0000000E+000
 1.6816998E+004,-2.6184759E+003, 0.0000000E+000
 1.6853199E+004,-2.6288647E+003, 0.0000000E+000
 1.6893999E+004,-2.6402430E+003, 0.0000000E+000
 1.6936100E+004,-2.6516118E+003, 0.0000000E+000
 1.6996500E+004,-2.6673402E+003, 0.0000000E+000
 1.7030500E+004,-2.6757498E+003, 0.0000000E+000
 1.7064400E+004,-2.6837393E+003, 0.0000000E+000
 1.7105100E+004,-2.6925896E+003, 0.0000000E+000
 1.7147700E+004,-2.7007005E+003, 0.0000000E+000
 1.7209200E+004,-2.7095635E+003, 0.0000000E+000
 1.7270600E+004,-2.7136686E+003, 0.0000000E+000
 1.7336801E+004,-2.7110762E+003, 0.0000000E+000
 1.7370504E+004,-2.7062398E+003, 0.0000000E+000
 1.7403607E+004,-2.6987739E+003, 0.0000000E+000
 1.7444211E+004,-2.6854384E+003, 0.0000000E+000
 1.7482617E+004,-2.6677117E+003, 0.0000000E+000
 1.7523625E+004,-2.6419337E+003, 0.0000000E+000
 1.7563032E+004,-2.6083138E+003, 0.0000000E+000
 1.7587037E+004,-2.5819004E+003, 0.0000000E+000
 1.7608242E+004,-2.5529658E+003, 0.0000000E+000
 1.7636245E+004,-2.5015004E+003, 0.0000000E+000
 1.7655145E+004,-2.4493534E+003, 0.0000000E+000
 1.7665043E+004,-2.4054074E+003, 0.0000000E+000
 1.7670341E+004,-2.3607521E+003, 0.0000000E+000
 1.7670735E+004,-2.2952885E+003, 0.0000000E+000
 1.7664830E+004,-2.2373358E+003, 0.0000000E+000
 1.7655025E+004,-2.1836548E+003, 0.0000000E+000
 1.7644221E+004,-2.1384145E+003, 0.0000000E+000
 1.7632617E+004,-2.0960951E+003, 0.0000000E+000
 1.7622715E+004,-2.0626255E+003, 0.0000000E+000
 1.7612112E+004,-2.0276564E+003, 0.0000000E+000
 1.7595206E+004,-1.9713582E+003, 0.0000000E+000
 1.7579701E+004,-1.9141298E+003, 0.0000000E+000
 1.7567094E+004,-1.8552611E+003, 0.0000000E+000
 1.7561590E+004,-1.8180711E+003, 0.0000000E+000
 1.7557984E+004,-1.7727503E+003, 0.0000000E+000
 1.7559676E+004,-1.7056182E+003, 0.0000000E+000
 1.7565872E+004,-1.6630444E+003, 0.0000000E+000
 1.7577268E+004,-1.6191591E+003, 0.0000000E+000
 1.7601366E+004,-1.5605639E+003, 0.0000000E+000
 1.7619967E+004,-1.5286583E+003, 0.0000000E+000
 1.7641769E+004,-1.4988834E+003, 0.0000000E+000
 1.7676670E+004,-1.4620783E+003, 0.0000000E+000
 1.7704874E+004,-1.4387945E+003, 0.0000000E+000
 1.7735678E+004,-1.4183302E+003, 0.0000000E+000
 1.7795184E+004,-1.3896887E+003, 0.0000000E+000
 1.7855690E+004,-1.3720500E+003, 0.0000000E+000
 1.7890595E+004,-1.3664107E+003, 0.0000000E+000
 1.7925800E+004,-1.3638119E+003, 0.0000000E+000
 1.7993104E+004,-1.3670143E+003, 0.0000000E+000
 1.8055308E+004,-1.3788062E+003, 0.0000000E+000
 1.8104211E+004,-1.3932878E+003, 0.0000000E+000
 1.8163512E+004,-1.4157097E+003, 0.0000000E+000
 1.8225010E+004,-1.4408541E+003, 0.0000000E+000
 1.8256607E+004,-1.4522480E+003, 0.0000000E+000
 1.8288304E+004,-1.4618135E+003, 0.0000000E+000
 1.8326101E+004,-1.4697338E+003, 0.0000000E+000
 1.8376001E+004,-1.4728024E+003, 0.0000000E+000
 1.8434511E+004,-1.4625893E+003, 0.0000000E+000
 1.8468729E+004,-1.4475014E+003, 0.0000000E+000
 1.8501055E+004,-1.4245339E+003, 0.0000000E+000
 1.8542783E+004,-1.3715444E+003, 0.0000000E+000
 1.8556400E+004,-1.3395729E+003, 0.0000000E+000
 1.8564308E+004,-1.3059338E+003, 0.0000000E+000
 1.8566604E+004,-1.2596557E+003, 0.0000000E+000
 1.8560592E+004,-1.2158175E+003, 0.0000000E+000
 1.8542274E+004,-1.1599515E+003, 0.0000000E+000
 1.8522858E+004,-1.1184912E+003, 0.0000000E+000
 1.8504946E+004,-1.0844358E+003, 0.0000000E+000
 1.8487335E+004,-1.0508726E+003, 0.0000000E+000
 1.8472228E+004,-1.0182394E+003, 0.0000000E+000
 1.8459411E+004,-9.7814083E+002, 0.0000000E+000
 1.8454684E+004,-9.3309492E+002, 0.0000000E+000
 1.8459759E+004,-8.9649531E+002, 0.0000000E+000
 1.8476138E+004,-8.5683980E+002, 0.0000000E+000
 1.8511632E+004,-8.1592130E+002, 0.0000000E+000
 1.8564457E+004,-7.8781985E+002, 0.0000000E+000
 1.8618000E+004,-7.7993541E+002, 0.0000000E+000
 1.8670535E+004,-7.8792625E+002, 0.0000000E+000
 1.8712056E+004,-8.0527651E+002, 0.0000000E+000
 1.8748564E+004,-8.3003546E+002, 0.0000000E+000
 1.8788254E+004,-8.7037597E+002, 0.0000000E+000
 1.8816743E+004,-9.1203055E+002, 0.0000000E+000
 1.8839532E+004,-9.5699753E+002, 0.0000000E+000
 1.8855924E+004,-9.9786133E+002, 0.0000000E+000
 1.8875419E+004,-1.0575637E+003, 0.0000000E+000
 1.8885918E+004,-1.0897440E+003, 0.0000000E+000
 1.8899115E+004,-1.1269342E+003, 0.0000000E+000
 1.8915509E+004,-1.1651952E+003, 0.0000000E+000
 1.8946496E+004,-1.2178127E+003, 0.0000000E+000
 1.8990381E+004,-1.2638224E+003, 0.0000000E+000
 1.9029179E+004,-1.2884150E+003, 0.0000000E+000
 1.9077083E+004,-1.3049795E+003, 0.0000000E+000
 1.9114198E+004,-1.3093942E+003, 0.0000000E+000
 1.9152620E+004,-1.3068714E+003, 0.0000000E+000
 1.9211941E+004,-1.2884387E+003, 0.0000000E+000
 1.9262257E+004,-1.2562615E+003, 0.0000000E+000
 1.9298761E+004,-1.2193606E+003, 0.0000000E+000
 1.9326557E+004,-1.1783931E+003, 0.0000000E+000
 1.9345151E+004,-1.1393005E+003, 0.0000000E+000
 1.9358343E+004,-1.0995012E+003, 0.0000000E+000
 1.9367336E+004,-1.0549454E+003, 0.0000000E+000
 1.9371431E+004,-1.0113615E+003, 0.0000000E+000
 1.9371428E+004,-9.7227985E+002, 0.0000000E+000
 1.9368227E+004,-9.3293822E+002, 0.0000000E+000
 1.9357125E+004,-8.7161100E+002, 0.0000000E+000
 1.9340125E+004,-8.1502028E+002, 0.0000000E+000
 1.9321924E+004,-7.7019801E+002, 0.0000000E+000
 1.9300624E+004,-7.2832101E+002, 0.0000000E+000
 1.9280222E+004,-6.9466858E+002, 0.0000000E+000
 1.9257621E+004,-6.6265502E+002, 0.0000000E+000
 1.9226119E+004,-6.2467364E+002, 0.0000000E+000
 1.9193818E+004,-5.9162056E+002, 0.0000000E+000
 1.9163116E+004,-5.6453031E+002, 0.0000000E+000
 1.9131315E+004,-5.3996625E+002, 0.0000000E+000
 1.9091614E+004,-5.1334344E+002, 0.0000000E+000
 1.9053012E+004,-4.9088626E+002, 0.0000000E+000
 1.9009010E+004,-4.6867541E+002, 0.0000000E+000
 1.8966808E+004,-4.4994578E+002, 0.0000000E+000
 1.8921907E+004,-4.3224783E+002, 0.0000000E+000
 1.8876905E+004,-4.1621163E+002, 0.0000000E+000
 1.8823704E+004,-3.9878676E+002, 0.0000000E+000
 1.8773202E+004,-3.8319078E+002, 0.0000000E+000
 1.8710201E+004,-3.6434263E+002, 0.0000000E+000
 1.8652300E+004,-3.4711173E+002, 0.0000000E+000
 1.8618999E+004,-3.3701438E+002, 0.0000000E+000
 1.8584199E+004,-3.2631221E+002, 0.0000000E+000
 1.8529999E+004,-3.0916665E+002, 0.0000000E+000
 1.8475999E+004,-2.9116058E+002, 0.0000000E+000
 1.8418699E+004,-2.7064894E+002, 0.0000000E+000
 1.8378499E+004,-2.5486583E+002, 0.0000000E+000
 1.8335899E+004,-2.3643924E+002, 0.0000000E+000
 1.8294198E+004,-2.1604024E+002, 0.0000000E+000
 1.8247296E+004,-1.8906979E+002, 0.0000000E+000
 1.8195791E+004,-1.5203906E+002, 0.0000000E+000
 1.8163286E+004,-1.2207993E+002, 0.0000000E+000
 1.8134179E+004,-8.8331474E+001, 0.0000000E+000
 1.8111671E+004,-5.4480224E+001, 0.0000000E+000
 1.8092563E+004,-1.5624536E+001, 0.0000000E+000
 1.8079154E+004, 2.5911345E+001, 0.0000000E+000
 1.8071847E+004, 6.9147756E+001, 0.0000000E+000
 1.8070644E+004, 1.0739695E+002, 0.0000000E+000
 1.8074543E+004, 1.4681963E+002, 0.0000000E+000
 1.8091247E+004, 2.0883539E+002, 0.0000000E+000
 1.8115555E+004, 2.5919747E+002, 0.0000000E+000
 1.8145663E+004, 3.0229259E+002, 0.0000000E+000
 1.8174469E+004, 3.3356482E+002, 0.0000000E+000
 1.8206275E+004, 3.6118280E+002, 0.0000000E+000
 1.8251981E+004, 3.9207155E+002, 0.0000000E+000
 1.8296485E+004, 4.1511136E+002, 0.0000000E+000
 1.8344189E+004, 4.3403111E+002, 0.0000000E+000
 1.8388991E+004, 4.4782220E+002, 0.0000000E+000
 1.8432093E+004, 4.5846049E+002, 0.0000000E+000
 1.8472195E+004, 4.6688978E+002, 0.0000000E+000
 1.8510095E+004, 4.7426946E+002, 0.0000000E+000
 1.8548296E+004, 4.8192774E+002, 0.0000000E+000
 1.8588797E+004, 4.9123432E+002, 0.0000000E+000
 1.8639999E+004, 5.0650674E+002, 0.0000000E+000
 1.8678204E+004, 5.2234775E+002, 0.0000000E+000
 1.8720013E+004, 5.4630393E+002, 0.0000000E+000
 1.8759327E+004, 5.7883914E+002, 0.0000000E+000
 1.8795948E+004, 6.2614022E+002, 0.0000000E+000
 1.8819167E+004, 6.8155024E+002, 0.0000000E+000
 1.8826578E+004, 7.3009272E+002, 0.0000000E+000
 1.8823281E+004, 7.7865604E+002, 0.0000000E+000
 1.8812077E+004, 8.2015814E+002, 0.0000000E+000
 1.8793667E+004, 8.5916149E+002, 0.0000000E+000
 1.8771457E+004, 8.9131996E+002, 0.0000000E+000
 1.8745045E+004, 9.1983328E+002, 0.0000000E+000
 1.8709834E+004, 9.4804906E+002, 0.0000000E+000
 1.8672724E+004, 9.6988035E+002, 0.0000000E+000
 1.8629915E+004, 9.8779073E+002, 0.0000000E+000
 1.8586808E+004, 9.9959379E+002, 0.0000000E+000
 1.8539503E+004, 1.0066175E+003, 0.0000000E+000
 1.8490399E+004, 1.0081150E+003, 0.0000000E+000
 1.8425095E+004, 1.0017723E+003, 0.0000000E+000
 1.8376892E+004, 9.9134426E+002, 0.0000000E+000
 1.8332590E+004, 9.7747545E+002, 0.0000000E+000
 1.8296888E+004, 9.6329251E+002, 0.0000000E+000
 1.8262487E+004, 9.4698054E+002, 0.0000000E+000
 1.8218187E+004, 9.2197702E+002, 0.0000000E+000
 1.8178186E+004, 8.9531786E+002, 0.0000000E+000
 1.8149486E+004, 8.7373723E+002, 0.0000000E+000
 1.8121686E+004, 8.5084504E+002, 0.0000000E+000
 1.8072986E+004, 8.0554109E+002, 0.0000000E+000
 1.8028987E+004, 7.5962532E+002, 0.0000000E+000
 1.7993988E+004, 7.2077462E+002, 0.0000000E+000
 1.7960390E+004, 6.8276288E+002, 0.0000000E+000
 1.7937892E+004, 6.5790121E+002, 0.0000000E+000
 1.7909395E+004, 6.2773099E+002, 0.0000000E+000
 1.7875999E+004, 5.9554116E+002, 0.0000000E+000
 1.7826605E+004, 5.5577675E+002, 0.0000000E+000
 1.7771910E+004, 5.2396150E+002, 0.0000000E+000
 1.7731309E+004, 5.0855837E+002, 0.0000000E+000
 1.7687606E+004, 4.9917503E+002, 0.0000000E+000
 1.7647599E+004, 4.9699982E+002, 0.0000000E+000
 1.7604790E+004, 5.0155086E+002, 0.0000000E+000
 1.7570879E+004, 5.1059814E+002, 0.0000000E+000
 1.7538268E+004, 5.2436245E+002, 0.0000000E+000
 1.7499758E+004, 5.4844349E+002, 0.0000000E+000
 1.7466750E+004, 5.7807442E+002, 0.0000000E+000
 1.7436145E+004, 6.1725305E+002, 0.0000000E+000
 1.7413245E+004, 6.6021531E+002, 0.0000000E+000
 1.7399445E+004, 6.9972989E+002, 0.0000000E+000
 1.7390749E+004, 7.4179561E+002, 0.0000000E+000
 1.7388055E+004, 8.0813178E+002, 0.0000000E+000
 1.7392660E+004, 8.5026661E+002, 0.0000000E+000
 1.7401463E+004, 8.8969683E+002, 0.0000000E+000
 1.7417766E+004, 9.3709857E+002, 0.0000000E+000
 1.7436669E+004, 9.7670457E+002, 0.0000000E+000
 1.7459472E+004, 1.0141098E+003, 0.0000000E+000
 1.7494975E+004, 1.0601119E+003, 0.0000000E+000
 1.7533878E+004, 1.0999839E+003, 0.0000000E+000
 1.7583782E+004, 1.1406448E+003, 0.0000000E+000
 1.7633485E+004, 1.1730946E+003, 0.0000000E+000
 1.7674788E+004, 1.1955139E+003, 0.0000000E+000
 1.7716491E+004, 1.2148425E+003, 0.0000000E+000
 1.7777793E+004, 1.2382994E+003, 0.0000000E+000
 1.7834195E+004, 1.2557564E+003, 0.0000000E+000
 1.7879997E+004, 1.2675444E+003, 0.0000000E+000
 1.7923698E+004, 1.2771123E+003, 0.0000000E+000
 1.7980798E+004, 1.2874004E+003, 0.0000000E+000
 1.8034399E+004, 1.2951391E+003, 0.0000000E+000
 1.8094599E+004, 1.3019581E+003, 0.0000000E+000
 1.8152499E+004, 1.3069974E+003, 0.0000000E+000
 1.8203800E+004, 1.3105068E+003, 0.0000000E+000
 1.8255600E+004, 1.3134160E+003, 0.0000000E+000
 1.8297800E+004, 1.3155451E+003, 0.0000000E+000
 1.8341600E+004, 1.3176939E+003, 0.0000000E+000
 1.8401800E+004, 1.3208417E+003, 0.0000000E+000
 1.8465700E+004, 1.3248989E+003, 0.0000000E+000
 1.8499600E+004, 1.3274774E+003, 0.0000000E+000
 1.8533500E+004, 1.3303758E+003, 0.0000000E+000
 1.8581701E+004, 1.3350240E+003, 0.0000000E+000
 1.8625001E+004, 1.3396027E+003, 0.0000000E+000
 1.8672101E+004, 1.3447422E+003, 0.0000000E+000
 1.8733901E+004, 1.3510930E+003, 0.0000000E+000
 1.8770000E+004, 1.3539345E+003, 0.0000000E+000
 1.8807100E+004, 1.3558270E+003, 0.0000000E+000
 1.8851800E+004, 1.3561812E+003, 0.0000000E+000
 1.8901301E+004, 1.3532075E+003, 0.0000000E+000
 1.8935702E+004, 1.3483925E+003, 0.0000000E+000
 1.8970705E+004, 1.3407179E+003, 0.0000000E+000
 1.9034012E+004, 1.3182083E+003, 0.0000000E+000
 1.9064919E+004, 1.3018315E+003, 0.0000000E+000
 1.9094026E+004, 1.2822732E+003, 0.0000000E+000
 1.9129934E+004, 1.2508536E+003, 0.0000000E+000
 1.9160342E+004, 1.2148014E+003, 0.0000000E+000
 1.9182448E+004, 1.1798360E+003, 0.0000000E+000
 1.9199952E+004, 1.1421997E+003, 0.0000000E+000
 1.9214752E+004, 1.0951325E+003, 0.0000000E+000
 1.9222950E+004, 1.0472547E+003, 0.0000000E+000
 1.9225045E+004, 9.8537310E+002, 0.0000000E+000
 1.9220638E+004, 9.3284733E+002, 0.0000000E+000
 1.9213333E+004, 8.8939248E+002, 0.0000000E+000
 1.9204028E+004, 8.4860486E+002, 0.0000000E+000
 1.9190723E+004, 8.0034349E+002, 0.0000000E+000
 1.9176716E+004, 7.5390705E+002, 0.0000000E+000
 1.9166713E+004, 7.2133997E+002, 0.0000000E+000
 1.9157109E+004, 6.8857049E+002, 0.0000000E+000
 1.9146604E+004, 6.4901012E+002, 0.0000000E+000
 1.9137597E+004, 6.0738950E+002, 0.0000000E+000
 1.9130088E+004, 5.5426801E+002, 0.0000000E+000
 1.9128379E+004, 5.0247112E+002, 0.0000000E+000
 1.9134868E+004, 4.4141714E+002, 0.0000000E+000
 1.9142864E+004, 4.0846236E+002, 0.0000000E+000
 1.9154062E+004, 3.7645975E+002, 0.0000000E+000
 1.9173259E+004, 3.3767408E+002, 0.0000000E+000
 1.9197861E+004, 3.0136350E+002, 0.0000000E+000
 1.9239364E+004, 2.5791531E+002, 0.0000000E+000
 1.9272269E+004, 2.3295705E+002, 0.0000000E+000
 1.9307175E+004, 2.1249207E+002, 0.0000000E+000
 1.9338680E+004, 1.9822500E+002, 0.0000000E+000
 1.9371487E+004, 1.8677443E+002, 0.0000000E+000
 1.9431893E+004, 1.7323646E+002, 0.0000000E+000
 1.9489099E+004, 1.6811172E+002, 0.0000000E+000
 1.9543702E+004, 1.6924062E+002, 0.0000000E+000
 1.9600704E+004, 1.7610271E+002, 0.0000000E+000
 1.9643405E+004, 1.8473064E+002, 0.0000000E+000
 1.9684406E+004, 1.9564779E+002, 0.0000000E+000
 1.9719607E+004, 2.0695200E+002, 0.0000000E+000
 1.9754707E+004, 2.1984496E+002, 0.0000000E+000
 1.9815808E+004, 2.4569158E+002, 0.0000000E+000
 1.9850808E+004, 2.6145930E+002, 0.0000000E+000
 1.9883907E+004, 2.7647339E+002, 0.0000000E+000
 1.9933406E+004, 2.9755757E+002, 0.0000000E+000
 1.9966603E+004, 3.0909659E+002, 0.0000000E+000
 2.0002301E+004, 3.1821166E+002, 0.0000000E+000
 2.0042000E+004, 3.2323141E+002, 0.0000000E+000
 2.0100305E+004, 3.1867114E+002, 0.0000000E+000
 2.0141423E+004, 3.0410227E+002, 0.0000000E+000
 2.0181552E+004, 2.7676173E+002, 0.0000000E+000
 2.0218388E+004, 2.2893844E+002, 0.0000000E+000
 2.0237612E+004, 1.6796763E+002, 0.0000000E+000
 2.0237414E+004, 1.1432193E+002, 0.0000000E+000
 2.0225002E+004, 6.5805360E+001, 0.0000000E+000
 2.0206386E+004, 2.6166667E+001, 0.0000000E+000
 2.0184070E+004,-8.3254704E+000, 0.0000000E+000
 2.0159256E+004,-4.0247453E+001, 0.0000000E+000
 2.0134243E+004,-7.0050142E+001, 0.0000000E+000
 2.0112933E+004,-9.5859351E+001, 0.0000000E+000
 2.0093323E+004,-1.2189305E+002, 0.0000000E+000
 2.0063604E+004,-1.7226971E+002, 0.0000000E+000
 2.0053786E+004,-2.0463254E+002, 0.0000000E+000
 2.0053959E+004,-2.6294280E+002, 0.0000000E+000
 2.0084804E+004,-3.1189783E+002, 0.0000000E+000
 2.0134598E+004,-3.5462436E+002, 0.0000000E+000
 2.0167739E+004,-3.7554989E+002, 0.0000000E+000
 2.0204988E+004,-3.8914349E+002, 0.0000000E+000
 2.0262614E+004,-3.8734872E+002, 0.0000000E+000
 2.0313130E+004,-3.7347298E+002, 0.0000000E+000
 2.0360530E+004,-3.5032287E+002, 0.0000000E+000
 2.0399225E+004,-3.2429120E+002, 0.0000000E+000
 2.0435419E+004,-2.9464183E+002, 0.0000000E+000
 2.0468115E+004,-2.6442605E+002, 0.0000000E+000
 2.0500312E+004,-2.3243883E+002, 0.0000000E+000
 2.0526809E+004,-2.0510181E+002, 0.0000000E+000
 2.0552706E+004,-1.7810355E+002, 0.0000000E+000
 2.0583501E+004,-1.4612006E+002, 0.0000000E+000
 2.0613398E+004,-1.1514471E+002, 0.0000000E+000
 2.0653494E+004,-7.3738467E+001, 0.0000000E+000
 2.0690892E+004,-3.4359318E+001, 0.0000000E+000
 2.0718793E+004,-3.7261510E+000, 0.0000000E+000
 2.0745595E+004, 2.7448120E+001, 0.0000000E+000
 2.0784202E+004, 7.6685793E+001, 0.0000000E+000
 2.0821211E+004, 1.3138297E+002, 0.0000000E+000
 2.0850720E+004, 1.8284450E+002, 0.0000000E+000
 2.0876426E+004, 2.3514110E+002, 0.0000000E+000
 2.0896827E+004, 2.8184871E+002, 0.0000000E+000
 2.0914225E+004, 3.2479308E+002, 0.0000000E+000
 2.0931121E+004, 3.6770076E+002, 0.0000000E+000
 2.0944215E+004, 3.9995371E+002, 0.0000000E+000
 2.0970704E+004, 4.6098401E+002, 0.0000000E+000
 2.0993995E+004, 5.0563368E+002, 0.0000000E+000
 2.1021587E+004, 5.4891724E+002, 0.0000000E+000
 2.1058581E+004, 5.9406332E+002, 0.0000000E+000
 2.1104877E+004, 6.3486981E+002, 0.0000000E+000
 2.1135880E+004, 6.5471576E+002, 0.0000000E+000
 2.1170085E+004, 6.7110425E+002, 0.0000000E+000
 2.1234791E+004, 6.8878053E+002, 0.0000000E+000
 2.1288802E+004, 6.9149846E+002, 0.0000000E+000
 2.1340713E+004, 6.8410270E+002, 0.0000000E+000
 2.1385023E+004, 6.6957666E+002, 0.0000000E+000
 2.1426630E+004, 6.4802568E+002, 0.0000000E+000
 2.1459835E+004, 6.2408884E+002, 0.0000000E+000
 2.1489439E+004, 5.9627328E+002, 0.0000000E+000
 2.1518341E+004, 5.6096498E+002, 0.0000000E+000
 2.1541742E+004, 5.2309469E+002, 0.0000000E+000
 2.1558641E+004, 4.8721199E+002, 0.0000000E+000
 2.1571739E+004, 4.5018646E+002, 0.0000000E+000
 2.1582238E+004, 4.0607416E+002, 0.0000000E+000
 2.1588136E+004, 3.6234040E+002, 0.0000000E+000
 2.1589934E+004, 3.2451531E+002, 0.0000000E+000
 2.1588832E+004, 2.8665045E+002, 0.0000000E+000
 2.1582629E+004, 2.3289634E+002, 0.0000000E+000
 2.1571926E+004, 1.8192605E+002, 0.0000000E+000
 2.1552123E+004, 1.1794488E+002, 0.0000000E+000
 2.1531621E+004, 6.7041036E+001, 0.0000000E+000
 2.1508119E+004, 1.7760138E+001, 0.0000000E+000
 2.1486716E+004,-2.2578634E+001, 0.0000000E+000
 2.1466615E+004,-5.7938027E+001, 0.0000000E+000
 2.1447714E+004,-9.0190159E+001, 0.0000000E+000
 2.1431211E+004,-1.1830564E+002, 0.0000000E+000
 2.1409809E+004,-1.5544400E+002, 0.0000000E+000
 2.1387705E+004,-1.9679759E+002, 0.0000000E+000
 2.1361198E+004,-2.5666923E+002, 0.0000000E+000
 2.1348789E+004,-2.9850722E+002, 0.0000000E+000
 2.1342679E+004,-3.3230743E+002, 0.0000000E+000
 2.1340167E+004,-3.6729877E+002, 0.0000000E+000
 2.1344954E+004,-4.3052123E+002, 0.0000000E+000
 2.1361751E+004,-4.8743902E+002, 0.0000000E+000
 2.1386051E+004,-5.3030221E+002, 0.0000000E+000
 2.1419156E+004,-5.6765938E+002, 0.0000000E+000
 2.1468564E+004,-6.0247059E+002, 0.0000000E+000
 2.1524060E+004,-6.2568437E+002, 0.0000000E+000
 2.1563154E+004,-6.4464016E+002, 0.0000000E+000
 2.1599355E+004,-6.6867035E+002, 0.0000000E+000
 2.1623330E+004,-6.9312588E+002, 0.0000000E+000
 2.1635698E+004,-7.3207601E+002, 0.0000000E+000
 2.1624018E+004,-7.8856533E+002, 0.0000000E+000
 2.1595566E+004,-8.3719728E+002, 0.0000000E+000
 2.1560672E+004,-8.8165799E+002, 0.0000000E+000
 2.1530754E+004,-9.2345399E+002, 0.0000000E+000
 2.1515231E+004,-9.5367267E+002, 0.0000000E+000
 2.1503874E+004,-9.8979915E+002, 0.0000000E+000
 2.1499911E+004,-1.0236101E+003, 0.0000000E+000
 2.1502842E+004,-1.0609056E+003, 0.0000000E+000
 2.1526864E+004,-1.1236792E+003, 0.0000000E+000
 2.1567667E+004,-1.1726821E+003, 0.0000000E+000
 2.1614809E+004,-1.2061852E+003, 0.0000000E+000
 2.1660050E+004,-1.2270106E+003, 0.0000000E+000
 2.1705980E+004,-1.2408467E+003, 0.0000000E+000
 2.1761696E+004,-1.2504998E+003, 0.0000000E+000
 2.1813800E+004,-1.2541394E+003, 0.0000000E+000
 2.1856399E+004,-1.2538912E+003, 0.0000000E+000
 2.1897897E+004,-1.2511869E+003, 0.0000000E+000
 2.1957497E+004,-1.2434693E+003, 0.0000000E+000
 2.2011700E+004,-1.2333107E+003, 0.0000000E+000
 2.2049504E+004,-1.2249858E+003, 0.0000000E+000
 2.2087707E+004,-1.2159379E+003, 0.0000000E+000
 2.2124308E+004,-1.2071245E+003, 0.0000000E+000
 2.2165808E+004,-1.1975555E+003, 0.0000000E+000
 2.2208205E+004,-1.1890492E+003, 0.0000000E+000
 2.2251102E+004,-1.1824974E+003, 0.0000000E+000
 2.2307200E+004,-1.1782466E+003, 0.0000000E+000
 2.2364002E+004,-1.1803649E+003, 0.0000000E+000
 2.2411109E+004,-1.1879501E+003, 0.0000000E+000
 2.2463217E+004,-1.2032095E+003, 0.0000000E+000
 2.2497324E+004,-1.2173379E+003, 0.0000000E+000
 2.2529930E+004,-1.2340592E+003, 0.0000000E+000
 2.2583130E+004,-1.2678145E+003, 0.0000000E+000
 2.2620527E+004,-1.2942617E+003, 0.0000000E+000
 2.2656920E+004,-1.3199602E+003, 0.0000000E+000
 2.2684513E+004,-1.3377867E+003, 0.0000000E+000
 2.2729603E+004,-1.3617728E+003, 0.0000000E+000
 2.2769998E+004,-1.3757211E+003, 0.0000000E+000
 2.2822499E+004,-1.3824088E+003, 0.0000000E+000
 2.2857711E+004,-1.3788965E+003, 0.0000000E+000
 2.2892833E+004,-1.3682184E+003, 0.0000000E+000
 2.2939063E+004,-1.3400053E+003, 0.0000000E+000
 2.2974690E+004,-1.3002431E+003, 0.0000000E+000
 2.2996105E+004,-1.2584499E+003, 0.0000000E+000
 2.3008004E+004,-1.2123978E+003, 0.0000000E+000
 2.3010496E+004,-1.1746391E+003, 0.0000000E+000
 2.3007283E+004,-1.1369743E+003, 0.0000000E+000
 2.2993062E+004,-1.0825584E+003, 0.0000000E+000
 2.2972143E+004,-1.0362562E+003, 0.0000000E+000
 2.2941330E+004,-9.8841856E+002, 0.0000000E+000
 2.2908922E+004,-9.4924735E+002, 0.0000000E+000
 2.2882319E+004,-9.2152832E+002, 0.0000000E+000
 2.2855817E+004,-8.9641676E+002, 0.0000000E+000
 2.2815315E+004,-8.6077771E+002, 0.0000000E+000
 2.2781814E+004,-8.3132188E+002, 0.0000000E+000
 2.2757313E+004,-8.0858525E+002, 0.0000000E+000
 2.2728808E+004,-7.7924659E+002, 0.0000000E+000
 2.2702201E+004,-7.4662204E+002, 0.0000000E+000
 2.2675287E+004,-7.0262197E+002, 0.0000000E+000
 2.2654362E+004,-6.4235688E+002, 0.0000000E+000
 2.2650243E+004,-5.9644944E+002, 0.0000000E+000
 2.2656928E+004,-5.4811448E+002, 0.0000000E+000
 2.2674024E+004,-5.0408126E+002, 0.0000000E+000
 2.2702929E+004,-4.6251372E+002, 0.0000000E+000
 2.2730041E+004,-4.3696828E+002, 0.0000000E+000
 2.2761360E+004,-4.1597058E+002, 0.0000000E+000
 2.2823778E+004,-3.9167273E+002, 0.0000000E+000
 2.2876794E+004,-3.8334884E+002, 0.0000000E+000
 2.2923603E+004,-3.8283034E+002, 0.0000000E+000
 2.2989406E+004,-3.8980946E+002, 0.0000000E+000
 2.3046403E+004,-3.9698973E+002, 0.0000000E+000
 2.3096294E+004,-3.9716159E+002, 0.0000000E+000
 2.3156611E+004,-3.7794521E+002, 0.0000000E+000
 2.3206839E+004,-3.4350619E+002, 0.0000000E+000
 2.3228579E+004,-3.1373620E+002, 0.0000000E+000
 2.3243516E+004,-2.7939925E+002, 0.0000000E+000
 2.3254928E+004,-2.1623708E+002, 0.0000000E+000
 2.3246506E+004,-1.5522892E+002, 0.0000000E+000
 2.3216491E+004,-1.0055984E+002, 0.0000000E+000
 2.3194176E+004,-7.3813364E+001, 0.0000000E+000
 2.3169765E+004,-4.9669649E+001, 0.0000000E+000
 2.3126552E+004,-1.2168304E+001, 0.0000000E+000
 2.3089741E+004, 2.3554936E+001, 0.0000000E+000
 2.3069027E+004, 5.1885205E+001, 0.0000000E+000
 2.3052998E+004, 8.6203328E+001, 0.0000000E+000
 2.3046068E+004, 1.1859021E+002, 0.0000000E+000
 2.3056699E+004, 1.8513564E+002, 0.0000000E+000
 2.3079990E+004, 2.2342363E+002, 0.0000000E+000
 2.3113511E+004, 2.5338459E+002, 0.0000000E+000
 2.3160853E+004, 2.7509600E+002, 0.0000000E+000
 2.3213802E+004, 2.8250434E+002, 0.0000000E+000
 2.3275427E+004, 2.7383551E+002, 0.0000000E+000
 2.3322734E+004, 2.5586219E+002, 0.0000000E+000
 2.3362028E+004, 2.3346383E+002, 0.0000000E+000
 2.3400318E+004, 2.0537435E+002, 0.0000000E+000
 2.3433409E+004, 1.7688351E+002, 0.0000000E+000
 2.3459804E+004, 1.5231557E+002, 0.0000000E+000
 2.3484902E+004, 1.2814587E+002, 0.0000000E+000
 2.3527099E+004, 8.7722744E+001, 0.0000000E+000
 2.3553099E+004, 6.4291164E+001, 0.0000000E+000
 2.3579997E+004, 4.1773644E+001, 0.0000000E+000
 2.3631494E+004, 3.6881021E+000, 0.0000000E+000
 2.3681991E+004,-2.7566327E+001, 0.0000000E+000
 2.3740588E+004,-5.8005955E+001, 0.0000000E+000
 2.3781088E+004,-7.6808463E+001, 0.0000000E+000
 2.3820688E+004,-9.4339977E+001, 0.0000000E+000
 2.3855389E+004,-1.0962160E+002, 0.0000000E+000
 2.3890692E+004,-1.2567380E+002, 0.0000000E+000
 2.3927695E+004,-1.4365932E+002, 0.0000000E+000
 2.3964800E+004,-1.6345827E+002, 0.0000000E+000
 2.3996805E+004,-1.8256378E+002, 0.0000000E+000
 2.4029711E+004,-2.0450115E+002, 0.0000000E+000
 2.4082120E+004,-2.4572742E+002, 0.0000000E+000
 2.4130326E+004,-2.9263744E+002, 0.0000000E+000
 2.4173126E+004,-3.4447599E+002, 0.0000000E+000
 2.4196926E+004,-3.7948490E+002, 0.0000000E+000
 2.4218523E+004,-4.1673203E+002, 0.0000000E+000
 2.4243220E+004,-4.6985702E+002, 0.0000000E+000
 2.4261919E+004,-5.2605564E+002, 0.0000000E+000
 2.4272720E+004,-5.7704190E+002, 0.0000000E+000
 2.4277624E+004,-6.2955990E+002, 0.0000000E+000
 2.4277028E+004,-6.7126676E+002, 0.0000000E+000
 2.4272331E+004,-7.1312557E+002, 0.0000000E+000
 2.4259935E+004,-7.6702634E+002, 0.0000000E+000
 2.4242137E+004,-8.1608361E+002, 0.0000000E+000
 2.4220836E+004,-8.5980434E+002, 0.0000000E+000
 2.4186133E+004,-9.1524463E+002, 0.0000000E+000
 2.4148928E+004,-9.6477964E+002, 0.0000000E+000
 2.4112422E+004,-1.0094778E+003, 0.0000000E+000
 2.4078715E+004,-1.0517113E+003, 0.0000000E+000
 2.4059210E+004,-1.0785070E+003, 0.0000000E+000
 2.4039102E+004,-1.1099912E+003, 0.0000000E+000
 2.4011786E+004,-1.1658743E+003, 0.0000000E+000
 2.4001374E+004,-1.2007541E+003, 0.0000000E+000
 2.3995561E+004,-1.2385979E+003, 0.0000000E+000
 2.3996746E+004,-1.2850875E+003, 0.0000000E+000
 2.4009135E+004,-1.3355117E+003, 0.0000000E+000
 2.4024334E+004,-1.3678677E+003, 0.0000000E+000
 2.4044739E+004,-1.3975030E+003, 0.0000000E+000
 2.4080548E+004,-1.4325455E+003, 0.0000000E+000
 2.4122465E+004,-1.4587435E+003, 0.0000000E+000
 2.4175482E+004,-1.4775031E+003, 0.0000000E+000
 2.4228797E+004,-1.4844968E+003, 0.0000000E+000
 2.4274507E+004,-1.4825387E+003, 0.0000000E+000
 2.4320012E+004,-1.4737700E+003, 0.0000000E+000
 2.4352716E+004,-1.4633136E+003, 0.0000000E+000
 2.4384119E+004,-1.4498885E+003, 0.0000000E+000
 2.4419520E+004,-1.4306530E+003, 0.0000000E+000
 2.4452222E+004,-1.4086575E+003, 0.0000000E+000
 2.4501822E+004,-1.3659925E+003, 0.0000000E+000
 2.4539723E+004,-1.3240388E+003, 0.0000000E+000
 2.4571024E+004,-1.2811960E+003, 0.0000000E+000
 2.4592723E+004,-1.2455932E+003, 0.0000000E+000
 2.4611524E+004,-1.2088517E+003, 0.0000000E+000
 2.4625624E+004,-1.1766298E+003, 0.0000000E+000
 2.4637924E+004,-1.1436878E+003, 0.0000000E+000
 2.4652123E+004,-1.0963462E+003, 0.0000000E+000
 2.4662422E+004,-1.0510145E+003, 0.0000000E+000
 2.4668722E+004,-1.0130930E+003, 0.0000000E+000
 2.4673121E+004,-9.7471764E+002, 0.0000000E+000
 2.4676419E+004,-9.1428240E+002, 0.0000000E+000
 2.4675618E+004,-8.5645613E+002, 0.0000000E+000
 2.4670216E+004,-7.8961123E+002, 0.0000000E+000
 2.4661314E+004,-7.2914343E+002, 0.0000000E+000
 2.4648412E+004,-6.6817498E+002, 0.0000000E+000
 2.4634111E+004,-6.1757730E+002, 0.0000000E+000
 2.4610909E+004,-5.5550993E+002, 0.0000000E+000
 2.4588407E+004,-5.1199742E+002, 0.0000000E+000
 2.4559606E+004,-4.7259268E+002, 0.0000000E+000
 2.4517906E+004,-4.3835868E+002, 0.0000000E+000
