  24472.4      -406.515     0.0 1.0   0.00000    
  24517.9      -438.364     0.0 1.0   0.00000    
  24559.6      -472.598     0.0 1.0   0.00000    
  24588.4      -512.002     0.0 1.0   0.00000    
  24610.9      -555.514     0.0 1.0   0.00000    
  24634.1      -617.581     0.0 1.0   0.00000    
  24648.4      -668.178     0.0 1.0   0.00000    
  24661.3      -729.146     0.0 1.0   0.00000    
  24670.2      -789.613     0.0 1.0   0.00000    
  24675.6      -856.457     0.0 1.0   0.00000    
  24676.4      -914.282     0.0 1.0   0.00000    
  24673.1      -974.716     0.0 1.0   0.00000    
  24668.7      -1013.09     0.0 1.0   0.00000    
  24662.4      -1051.01     0.0 1.0   0.00000    
  24652.1      -1096.34     0.0 1.0   0.00000    
  24637.9      -1143.68     0.0 1.0   0.00000    
  24625.6      -1176.62     0.0 1.0   0.00000    
  24611.5      -1208.84     0.0 1.0   0.00000    
  24592.7      -1245.58     0.0 1.0   0.00000    
  24571.0      -1281.18     0.0 1.0   0.00000    
  24539.7      -1324.02     0.0 1.0   0.00000    
  24501.8      -1365.97     0.0 1.0   0.00000    
  24452.2      -1408.63     0.0 1.0   0.00000    
  24419.5      -1430.62     0.0 1.0   0.00000    
  24384.1      -1449.85     0.0 1.0   0.00000    
  24352.7      -1463.27     0.0 1.0   0.00000    
  24320.0      -1473.72     0.0 1.0   0.00000    
  24274.5      -1482.48     0.0 1.0   0.00000    
  24228.8      -1484.43     0.0 1.0   0.00000    
  24175.5      -1477.43     0.0 1.0   0.00000    
  24122.5      -1458.67     0.0 1.0   0.00000    
  24080.6      -1432.48     0.0 1.0   0.00000    
  24044.8      -1397.45     0.0 1.0   0.00000    
  24024.4      -1367.83     0.0 1.0   0.00000    
  24009.2      -1335.49     0.0 1.0   0.00000    
  23996.8      -1285.08     0.0 1.0   0.00000    
  23995.6      -1238.60     0.0 1.0   0.00000    
  24001.4      -1200.76     0.0 1.0   0.00000    
  24011.8      -1165.88     0.0 1.0   0.00000    
  24039.1      -1109.99     0.0 1.0   0.00000    
  24059.2      -1078.50     0.0 1.0   0.00000    
  24078.7      -1051.70     0.0 1.0   0.00000    
  24112.4      -1009.46     0.0 1.0   0.00000    
  24148.9      -964.758     0.0 1.0   0.00000    
  24186.1      -915.222     0.0 1.0   0.00000    
  24220.8      -859.784     0.0 1.0   0.00000    
  24242.1      -816.068     0.0 1.0   0.00000    
  24259.9      -767.016     0.0 1.0   0.00000    
  24272.3      -713.120     0.0 1.0   0.00000    
  24277.0      -671.265     0.0 1.0   0.00000    
  24277.6      -629.561     0.0 1.0   0.00000    
  24272.7      -577.045     0.0 1.0   0.00000    
  24261.9      -526.061     0.0 1.0   0.00000    
  24243.2      -469.865     0.0 1.0   0.00000    
  24218.5      -416.744     0.0 1.0   0.00000    
  24196.9      -379.501     0.0 1.0   0.00000    
  24173.1      -344.496     0.0 1.0   0.00000    
  24130.3      -292.661     0.0 1.0   0.00000    
  24082.1      -245.750     0.0 1.0   0.00000    
  24029.7      -204.516     0.0 1.0   0.00000    
  23996.8      -182.572     0.0 1.0   0.00000    
  23964.8      -163.458     0.0 1.0   0.00000    
  23927.7      -143.650     0.0 1.0   0.00000    
  23890.7      -125.656     0.0 1.0   0.00000    
  23855.4      -109.598     0.0 1.0   0.00000    
  23820.7      -94.3133     0.0 1.0   0.00000    
  23781.1      -76.7812     0.0 1.0   0.00000    
  23740.6      -57.9818     0.0 1.0   0.00000    
  23682.0      -27.5497     0.0 1.0   0.00000    
  23631.5       3.69731     0.0 1.0   0.00000    
  23580.0       41.7772     0.0 1.0   0.00000    
  23553.1       64.2927     0.0 1.0   0.00000    
  23527.1       87.7236     0.0 1.0   0.00000    
  23484.9       128.144     0.0 1.0   0.00000    
  23459.8       152.311     0.0 1.0   0.00000    
  23433.4       176.873     0.0 1.0   0.00000    
  23400.3       205.352     0.0 1.0   0.00000    
  23362.0       233.420     0.0 1.0   0.00000    
  23322.7       255.789     0.0 1.0   0.00000    
  23275.4       273.723     0.0 1.0   0.00000    
  23213.8       282.352     0.0 1.0   0.00000    
  23160.9       274.934     0.0 1.0   0.00000    
  23113.6       253.246     0.0 1.0   0.00000    
  23080.1       223.332     0.0 1.0   0.00000    
  23056.8       185.103     0.0 1.0   0.00000    
  23046.1       118.589     0.0 1.0   0.00000    
  23053.0       86.2039     0.0 1.0   0.00000    
  23069.0       51.8696     0.0 1.0   0.00000    
  23089.7       23.5186     0.0 1.0   0.00000    
  23126.5      -12.2247     0.0 1.0   0.00000    
  23169.7      -49.7411     0.0 1.0   0.00000    
  23194.1      -73.8835     0.0 1.0   0.00000    
  23216.4      -100.618     0.0 1.0   0.00000    
  23246.4      -155.264     0.0 1.0   0.00000    
  23254.8      -216.234     0.0 1.0   0.00000    
  23243.4      -279.368     0.0 1.0   0.00000    
  23228.5      -313.691     0.0 1.0   0.00000    
  23206.8      -343.462     0.0 1.0   0.00000    
  23156.6      -377.923     0.0 1.0   0.00000    
  23096.3      -397.195     0.0 1.0   0.00000    
  23046.4      -397.031     0.0 1.0   0.00000    
  22989.4      -389.858     0.0 1.0   0.00000    
  22923.6      -382.891     0.0 1.0   0.00000    
  22876.8      -383.419     0.0 1.0   0.00000    
  22823.8      -391.751     0.0 1.0   0.00000    
  22761.4      -416.053     0.0 1.0   0.00000    
  22730.1      -437.042     0.0 1.0   0.00000    
  22703.0      -462.573     0.0 1.0   0.00000    
  22674.1      -504.122     0.0 1.0   0.00000    
  22657.0      -548.133     0.0 1.0   0.00000    
  22650.3      -596.451     0.0 1.0   0.00000    
  22654.4      -642.348     0.0 1.0   0.00000    
  22675.3      -702.616     0.0 1.0   0.00000    
  22702.2      -746.623     0.0 1.0   0.00000    
  22728.8      -779.254     0.0 1.0   0.00000    
  22757.3      -808.598     0.0 1.0   0.00000    
  22781.8      -831.337     0.0 1.0   0.00000    
  22815.3      -860.795     0.0 1.0   0.00000    
  22855.8      -896.435     0.0 1.0   0.00000    
  22882.3      -921.547     0.0 1.0   0.00000    
  22908.9      -949.267     0.0 1.0   0.00000    
  22941.3      -988.440     0.0 1.0   0.00000    
  22972.1      -1036.28     0.0 1.0   0.00000    
  22993.0      -1082.58     0.0 1.0   0.00000    
  23007.2      -1136.99     0.0 1.0   0.00000    
  23010.4      -1174.64     0.0 1.0   0.00000    
  23007.9      -1212.38     0.0 1.0   0.00000    
  22996.0      -1258.41     0.0 1.0   0.00000    
  22974.6      -1300.18     0.0 1.0   0.00000    
  22939.0      -1339.93     0.0 1.0   0.00000    
  22892.8      -1368.15     0.0 1.0   0.00000    
  22857.7      -1378.84     0.0 1.0   0.00000    
  22822.5      -1382.37     0.0 1.0   0.00000    
  22770.0      -1375.71     0.0 1.0   0.00000    
  22729.6      -1361.78     0.0 1.0   0.00000    
  22684.5      -1337.81     0.0 1.0   0.00000    
  22656.9      -1319.99     0.0 1.0   0.00000    
  22620.5      -1294.30     0.0 1.0   0.00000    
  22583.1      -1267.86     0.0 1.0   0.00000    
  22529.9      -1234.11     0.0 1.0   0.00000    
  22497.3      -1217.39     0.0 1.0   0.00000    
  22463.2      -1203.26     0.0 1.0   0.00000    
  22411.1      -1187.99     0.0 1.0   0.00000    
  22364.0      -1180.39     0.0 1.0   0.00000    
  22307.2      -1178.25     0.0 1.0   0.00000    
  22251.1      -1182.48     0.0 1.0   0.00000    
  22208.2      -1189.02     0.0 1.0   0.00000    
  22165.8      -1197.52     0.0 1.0   0.00000    
  22124.3      -1207.09     0.0 1.0   0.00000    
  22087.7      -1215.91     0.0 1.0   0.00000    
  22049.5      -1224.97     0.0 1.0   0.00000    
  22011.7      -1233.31     0.0 1.0   0.00000    
  21957.5      -1243.49     0.0 1.0   0.00000    
  21897.9      -1251.22     0.0 1.0   0.00000    
  21856.4      -1253.92     0.0 1.0   0.00000    
  21813.8      -1254.15     0.0 1.0   0.00000    
  21761.7      -1250.47     0.0 1.0   0.00000    
  21706.0      -1240.76     0.0 1.0   0.00000    
  21660.1      -1226.88     0.0 1.0   0.00000    
  21614.9      -1206.03     0.0 1.0   0.00000    
  21567.8      -1172.54     0.0 1.0   0.00000    
  21527.0      -1123.60     0.0 1.0   0.00000    
  21502.9      -1060.89     0.0 1.0   0.00000    
  21499.9      -1023.61     0.0 1.0   0.00000    
  21503.8      -989.783     0.0 1.0   0.00000    
  21515.1      -953.620     0.0 1.0   0.00000    
  21530.6      -923.357     0.0 1.0   0.00000    
  21560.5      -881.529     0.0 1.0   0.00000    
  21595.4      -837.084     0.0 1.0   0.00000    
  21623.9      -788.520     0.0 1.0   0.00000    
  21635.7      -732.076     0.0 1.0   0.00000    
  21623.4      -693.086     0.0 1.0   0.00000    
  21599.4      -668.615     0.0 1.0   0.00000    
  21563.2      -644.560     0.0 1.0   0.00000    
  21524.1      -625.594     0.0 1.0   0.00000    
  21468.6      -602.406     0.0 1.0   0.00000    
  21419.2      -567.609     0.0 1.0   0.00000    
  21386.1      -530.267     0.0 1.0   0.00000    
  21361.8      -487.419     0.0 1.0   0.00000    
  21345.0      -430.513     0.0 1.0   0.00000    
  21340.2      -367.298     0.0 1.0   0.00000    
  21342.7      -332.310     0.0 1.0   0.00000    
  21348.8      -298.510     0.0 1.0   0.00000    
  21361.2      -256.670     0.0 1.0   0.00000    
  21387.7      -196.795     0.0 1.0   0.00000    
  21409.8      -155.439     0.0 1.0   0.00000    
  21431.2      -118.299     0.0 1.0   0.00000    
  21447.7      -90.1822     0.0 1.0   0.00000    
  21466.6      -57.9293     0.0 1.0   0.00000    
  21486.7      -22.5696     0.0 1.0   0.00000    
  21508.1       17.7696     0.0 1.0   0.00000    
  21531.6       67.0502     0.0 1.0   0.00000    
  21552.1       117.953     0.0 1.0   0.00000    
  21571.9       181.933     0.0 1.0   0.00000    
  21582.6       232.901     0.0 1.0   0.00000    
  21588.8       286.653     0.0 1.0   0.00000    
  21589.9       324.515     0.0 1.0   0.00000    
  21588.1       362.337     0.0 1.0   0.00000    
  21582.2       406.067     0.0 1.0   0.00000    
  21571.7       450.175     0.0 1.0   0.00000    
  21558.6       487.195     0.0 1.0   0.00000    
  21541.7       523.072     0.0 1.0   0.00000    
  21518.3       560.936     0.0 1.0   0.00000    
  21489.4       596.237     0.0 1.0   0.00000    
  21459.8       624.046     0.0 1.0   0.00000    
  21426.6       647.977     0.0 1.0   0.00000    
  21385.0       669.523     0.0 1.0   0.00000    
  21340.7       684.046     0.0 1.0   0.00000    
  21288.8       691.442     0.0 1.0   0.00000    
  21234.8       688.728     0.0 1.0   0.00000    
  21170.1       671.060     0.0 1.0   0.00000    
  21135.9       654.679     0.0 1.0   0.00000    
  21104.9       634.841     0.0 1.0   0.00000    
  21058.6       594.045     0.0 1.0   0.00000    
  21021.6       548.908     0.0 1.0   0.00000    
  20994.0       505.631     0.0 1.0   0.00000    
  20970.7       460.986     0.0 1.0   0.00000    
  20944.2       399.960     0.0 1.0   0.00000    
  20931.1       367.709     0.0 1.0   0.00000    
  20914.2       324.803     0.0 1.0   0.00000    
  20896.8       281.860     0.0 1.0   0.00000    
  20876.4       235.153     0.0 1.0   0.00000    
  20850.7       182.855     0.0 1.0   0.00000    
  20821.2       131.390     0.0 1.0   0.00000    
  20784.2       76.6871     0.0 1.0   0.00000    
  20745.6       27.4441     0.0 1.0   0.00000    
  20718.8      -3.73266     0.0 1.0   0.00000    
  20690.9      -34.3665     0.0 1.0   0.00000    
  20653.5      -73.7444     0.0 1.0   0.00000    
  20613.4      -115.147     0.0 1.0   0.00000    
  20583.5      -146.119     0.0 1.0   0.00000    
  20552.7      -178.098     0.0 1.0   0.00000    
  20526.8      -205.093     0.0 1.0   0.00000    
  20500.3      -232.427     0.0 1.0   0.00000    
  20468.1      -264.410     0.0 1.0   0.00000    
  20435.4      -294.620     0.0 1.0   0.00000    
  20399.2      -324.258     0.0 1.0   0.00000    
  20360.5      -350.270     0.0 1.0   0.00000    
  20313.1      -373.394     0.0 1.0   0.00000    
  20262.6      -387.249     0.0 1.0   0.00000    
  20205.0      -389.044     0.0 1.0   0.00000    
  20167.8      -375.426     0.0 1.0   0.00000    
  20134.7      -354.491     0.0 1.0   0.00000    
  20084.9      -311.813     0.0 1.0   0.00000    
  20054.0      -262.931     0.0 1.0   0.00000    
  20053.8      -204.634     0.0 1.0   0.00000    
  20063.6      -172.268     0.0 1.0   0.00000    
  20093.3      -121.878     0.0 1.0   0.00000    
  20112.9      -95.8332     0.0 1.0   0.00000    
  20134.2      -70.0142     0.0 1.0   0.00000    
  20159.2      -40.2024     0.0 1.0   0.00000    
  20184.0      -8.27587     0.0 1.0   0.00000    
  20206.3       26.2139     0.0 1.0   0.00000    
  20224.9       65.8413     0.0 1.0   0.00000    
  20237.3       114.336     0.0 1.0   0.00000    
  20237.5       167.949     0.0 1.0   0.00000    
  20218.3       228.893     0.0 1.0   0.00000    
  20181.5       276.709     0.0 1.0   0.00000    
  20141.4       304.058     0.0 1.0   0.00000    
  20100.3       318.643     0.0 1.0   0.00000    
  20042.0       323.226     0.0 1.0   0.00000    
  20002.3       318.217     0.0 1.0   0.00000    
  19966.6       309.108     0.0 1.0   0.00000    
  19933.4       297.572     0.0 1.0   0.00000    
  19883.9       276.490     0.0 1.0   0.00000    
  19850.8       261.476     0.0 1.0   0.00000    
  19815.8       245.709     0.0 1.0   0.00000    
  19754.7       219.863     0.0 1.0   0.00000    
  19719.6       206.971     0.0 1.0   0.00000    
  19684.4       195.668     0.0 1.0   0.00000    
  19643.4       184.753     0.0 1.0   0.00000    
  19600.7       176.128     0.0 1.0   0.00000    
  19543.7       169.271     0.0 1.0   0.00000    
  19489.1       168.148     0.0 1.0   0.00000    
  19431.9       173.279     0.0 1.0   0.00000    
  19371.5       186.823     0.0 1.0   0.00000    
  19338.7       198.274     0.0 1.0   0.00000    
  19307.2       212.540     0.0 1.0   0.00000    
  19272.3       233.003     0.0 1.0   0.00000    
  19239.4       257.955     0.0 1.0   0.00000    
  19197.9       301.396     0.0 1.0   0.00000    
  19173.3       337.698     0.0 1.0   0.00000    
  19154.1       376.476     0.0 1.0   0.00000    
  19142.9       408.473     0.0 1.0   0.00000    
  19134.9       441.422     0.0 1.0   0.00000    
  19128.4       502.472     0.0 1.0   0.00000    
  19130.1       554.267     0.0 1.0   0.00000    
  19137.6       607.389     0.0 1.0   0.00000    
  19146.6       649.011     0.0 1.0   0.00000    
  19157.1       688.573     0.0 1.0   0.00000    
  19166.7       721.344     0.0 1.0   0.00000    
  19176.7       753.912     0.0 1.0   0.00000    
  19190.7       800.350     0.0 1.0   0.00000    
  19204.0       848.612     0.0 1.0   0.00000    
  19213.3       889.399     0.0 1.0   0.00000    
  19220.6       932.852     0.0 1.0   0.00000    
  19225.0       985.374     0.0 1.0   0.00000    
  19222.9       1047.25     0.0 1.0   0.00000    
  19214.7       1095.12     0.0 1.0   0.00000    
  19199.9       1142.18     0.0 1.0   0.00000    
  19182.4       1179.81     0.0 1.0   0.00000    
  19160.3       1214.77     0.0 1.0   0.00000    
  19129.9       1250.82     0.0 1.0   0.00000    
  19094.0       1282.24     0.0 1.0   0.00000    
  19064.9       1301.80     0.0 1.0   0.00000    
  19034.0       1318.18     0.0 1.0   0.00000    
  18970.7       1340.70     0.0 1.0   0.00000    
  18935.7       1348.38     0.0 1.0   0.00000    
  18901.3       1353.20     0.0 1.0   0.00000    
  18851.8       1356.18     0.0 1.0   0.00000    
  18807.1       1355.83     0.0 1.0   0.00000    
  18770.0       1353.94     0.0 1.0   0.00000    
  18733.9       1351.10     0.0 1.0   0.00000    
  18672.1       1344.75     0.0 1.0   0.00000    
  18625.0       1339.61     0.0 1.0   0.00000    
  18581.7       1335.03     0.0 1.0   0.00000    
  18533.5       1330.38     0.0 1.0   0.00000    
  18499.6       1327.48     0.0 1.0   0.00000    
  18465.7       1324.90     0.0 1.0   0.00000    
  18401.8       1320.84     0.0 1.0   0.00000    
  18341.6       1317.69     0.0 1.0   0.00000    
  18297.8       1315.54     0.0 1.0   0.00000    
  18255.6       1313.41     0.0 1.0   0.00000    
  18203.8       1310.50     0.0 1.0   0.00000    
  18152.5       1306.99     0.0 1.0   0.00000    
  18094.6       1301.95     0.0 1.0   0.00000    
  18034.4       1295.13     0.0 1.0   0.00000    
  17980.8       1287.39     0.0 1.0   0.00000    
  17923.7       1277.10     0.0 1.0   0.00000    
  17880.0       1267.53     0.0 1.0   0.00000    
  17834.2       1255.74     0.0 1.0   0.00000    
  17777.8       1238.28     0.0 1.0   0.00000    
  17716.5       1214.82     0.0 1.0   0.00000    
  17674.8       1195.49     0.0 1.0   0.00000    
  17633.5       1173.07     0.0 1.0   0.00000    
  17583.8       1140.62     0.0 1.0   0.00000    
  17533.9       1099.96     0.0 1.0   0.00000    
  17495.0       1060.09     0.0 1.0   0.00000    
  17459.5       1014.09     0.0 1.0   0.00000    
  17436.7       976.688     0.0 1.0   0.00000    
  17417.8       937.085     0.0 1.0   0.00000    
  17401.5       889.686     0.0 1.0   0.00000    
  17392.7       850.260     0.0 1.0   0.00000    
  17388.1       808.131     0.0 1.0   0.00000    
  17390.8       741.801     0.0 1.0   0.00000    
  17399.5       699.745     0.0 1.0   0.00000    
  17413.3       660.240     0.0 1.0   0.00000    
  17436.2       617.289     0.0 1.0   0.00000    
  17466.8       578.121     0.0 1.0   0.00000    
  17499.8       548.499     0.0 1.0   0.00000    
  17538.3       524.422     0.0 1.0   0.00000    
  17570.9       510.659     0.0 1.0   0.00000    
  17604.8       501.609     0.0 1.0   0.00000    
  17647.6       497.051     0.0 1.0   0.00000    
  17687.6       499.217     0.0 1.0   0.00000    
  17731.3       508.589     0.0 1.0   0.00000    
  17771.9       523.981     0.0 1.0   0.00000    
  17826.6       555.784     0.0 1.0   0.00000    
  17876.0       595.540     0.0 1.0   0.00000    
  17909.4       627.726     0.0 1.0   0.00000    
  17937.9       657.894     0.0 1.0   0.00000    
  17960.4       682.754     0.0 1.0   0.00000    
  17994.0       720.764     0.0 1.0   0.00000    
  18029.0       759.613     0.0 1.0   0.00000    
  18073.0       805.527     0.0 1.0   0.00000    
  18121.7       850.829     0.0 1.0   0.00000    
  18149.5       873.719     0.0 1.0   0.00000    
  18178.2       895.298     0.0 1.0   0.00000    
  18218.2       921.955     0.0 1.0   0.00000    
  18262.5       946.956     0.0 1.0   0.00000    
  18296.9       963.266     0.0 1.0   0.00000    
  18332.6       977.447     0.0 1.0   0.00000    
  18376.9       991.314     0.0 1.0   0.00000    
  18425.1       1001.74     0.0 1.0   0.00000    
  18490.4       1008.08     0.0 1.0   0.00000    
  18539.5       1006.58     0.0 1.0   0.00000    
  18586.8       999.553     0.0 1.0   0.00000    
  18629.9       987.747     0.0 1.0   0.00000    
  18672.7       969.833     0.0 1.0   0.00000    
  18709.8       948.000     0.0 1.0   0.00000    
  18745.0       919.784     0.0 1.0   0.00000    
  18771.4       891.274     0.0 1.0   0.00000    
  18793.6       859.123     0.0 1.0   0.00000    
  18812.0       820.130     0.0 1.0   0.00000    
  18823.2       778.643     0.0 1.0   0.00000    
  18826.5       730.096     0.0 1.0   0.00000    
  18819.1       681.570     0.0 1.0   0.00000    
  18795.9       626.168     0.0 1.0   0.00000    
  18759.3       578.865     0.0 1.0   0.00000    
  18720.0       546.322     0.0 1.0   0.00000    
  18678.2       522.355     0.0 1.0   0.00000    
  18640.0       506.505     0.0 1.0   0.00000    
  18588.8       491.222     0.0 1.0   0.00000    
  18548.3       481.909     0.0 1.0   0.00000    
  18510.1       474.246     0.0 1.0   0.00000    
  18472.2       466.863     0.0 1.0   0.00000    
  18432.1       458.431     0.0 1.0   0.00000    
  18389.0       447.791     0.0 1.0   0.00000    
  18344.2       433.999     0.0 1.0   0.00000    
  18296.5       415.079     0.0 1.0   0.00000    
  18252.0       392.039     0.0 1.0   0.00000    
  18206.3       361.150     0.0 1.0   0.00000    
  18174.5       333.533     0.0 1.0   0.00000    
  18145.7       302.263     0.0 1.0   0.00000    
  18115.6       259.171     0.0 1.0   0.00000    
  18091.3       208.816     0.0 1.0   0.00000    
  18074.6       146.808     0.0 1.0   0.00000    
  18070.7       107.395     0.0 1.0   0.00000    
  18071.9       69.1533     0.0 1.0   0.00000    
  18079.2       25.9227     0.0 1.0   0.00000    
  18092.6      -15.6094     0.0 1.0   0.00000    
  18111.7      -54.4635     0.0 1.0   0.00000    
  18134.2      -88.3154     0.0 1.0   0.00000    
  18163.3      -122.066     0.0 1.0   0.00000    
  18195.8      -152.028     0.0 1.0   0.00000    
  18247.3      -189.063     0.0 1.0   0.00000    
  18294.2      -216.036     0.0 1.0   0.00000    
  18335.9      -236.436     0.0 1.0   0.00000    
  18378.5      -254.863     0.0 1.0   0.00000    
  18418.7      -270.646     0.0 1.0   0.00000    
  18476.0      -291.157     0.0 1.0   0.00000    
  18530.0      -309.163     0.0 1.0   0.00000    
  18584.2      -326.309     0.0 1.0   0.00000    
  18619.0      -337.012     0.0 1.0   0.00000    
  18652.3      -347.111     0.0 1.0   0.00000    
  18710.2      -364.345     0.0 1.0   0.00000    
  18773.2      -383.198     0.0 1.0   0.00000    
  18823.7      -398.798     0.0 1.0   0.00000    
  18876.9      -416.227     0.0 1.0   0.00000    
  18921.9      -432.266     0.0 1.0   0.00000    
  18966.8      -449.966     0.0 1.0   0.00000    
  19009.0      -468.697     0.0 1.0   0.00000    
  19053.0      -490.908     0.0 1.0   0.00000    
  19091.6      -513.365     0.0 1.0   0.00000    
  19131.3      -539.987     0.0 1.0   0.00000    
  19163.1      -564.550     0.0 1.0   0.00000    
  19193.8      -591.639     0.0 1.0   0.00000    
  19226.1      -624.691     0.0 1.0   0.00000    
  19257.6      -662.671     0.0 1.0   0.00000    
  19280.2      -694.683     0.0 1.0   0.00000    
  19300.6      -728.334     0.0 1.0   0.00000    
  19321.9      -770.209     0.0 1.0   0.00000    
  19340.1      -815.029     0.0 1.0   0.00000    
  19357.1      -871.617     0.0 1.0   0.00000    
  19368.2      -932.942     0.0 1.0   0.00000    
  19371.4      -972.281     0.0 1.0   0.00000    
  19371.4      -1011.36     0.0 1.0   0.00000    
  19367.3      -1054.94     0.0 1.0   0.00000    
  19358.3      -1099.49     0.0 1.0   0.00000    
  19345.1      -1139.28     0.0 1.0   0.00000    
  19326.5      -1178.36     0.0 1.0   0.00000    
  19298.7      -1219.31     0.0 1.0   0.00000    
  19262.2      -1256.19     0.0 1.0   0.00000    
  19211.9      -1288.35     0.0 1.0   0.00000    
  19152.6      -1306.78     0.0 1.0   0.00000    
  19114.2      -1309.31     0.0 1.0   0.00000    
  19077.1      -1304.91     0.0 1.0   0.00000    
  19029.2      -1288.37     0.0 1.0   0.00000    
  18990.4      -1263.80     0.0 1.0   0.00000    
  18946.5      -1217.81     0.0 1.0   0.00000    
  18915.5      -1165.20     0.0 1.0   0.00000    
  18899.1      -1126.94     0.0 1.0   0.00000    
  18885.9      -1089.75     0.0 1.0   0.00000    
  18875.4      -1057.57     0.0 1.0   0.00000    
  18855.9      -997.870     0.0 1.0   0.00000    
  18839.5      -957.012     0.0 1.0   0.00000    
  18816.7      -912.056     0.0 1.0   0.00000    
  18788.2      -870.421     0.0 1.0   0.00000    
  18748.5      -830.110     0.0 1.0   0.00000    
  18712.0      -805.380     0.0 1.0   0.00000    
  18670.5      -788.055     0.0 1.0   0.00000    
  18618.0      -780.077     0.0 1.0   0.00000    
  18564.5      -787.948     0.0 1.0   0.00000    
  18511.7      -816.008     0.0 1.0   0.00000    
  18476.2      -856.880     0.0 1.0   0.00000    
  18459.8      -896.507     0.0 1.0   0.00000    
  18454.7      -933.095     0.0 1.0   0.00000    
  18459.4      -978.143     0.0 1.0   0.00000    
  18472.2      -1018.25     0.0 1.0   0.00000    
  18487.3      -1050.89     0.0 1.0   0.00000    
  18504.9      -1084.46     0.0 1.0   0.00000    
  18522.8      -1118.52     0.0 1.0   0.00000    
  18542.2      -1159.98     0.0 1.0   0.00000    
  18560.5      -1215.84     0.0 1.0   0.00000    
  18566.5      -1259.66     0.0 1.0   0.00000    
  18564.2      -1305.92     0.0 1.0   0.00000    
  18556.3      -1339.54     0.0 1.0   0.00000    
  18542.7      -1371.49     0.0 1.0   0.00000    
  18501.0      -1424.48     0.0 1.0   0.00000    
  18468.7      -1447.45     0.0 1.0   0.00000    
  18434.5      -1462.55     0.0 1.0   0.00000    
  18376.0      -1472.79     0.0 1.0   0.00000    
  18326.1      -1469.74     0.0 1.0   0.00000    
  18288.3      -1461.83     0.0 1.0   0.00000    
  18256.6      -1452.27     0.0 1.0   0.00000    
  18225.0      -1440.88     0.0 1.0   0.00000    
  18163.5      -1415.74     0.0 1.0   0.00000    
  18104.2      -1393.32     0.0 1.0   0.00000    
  18055.3      -1378.84     0.0 1.0   0.00000    
  17993.1      -1367.05     0.0 1.0   0.00000    
  17925.8      -1363.85     0.0 1.0   0.00000    
  17890.6      -1366.45     0.0 1.0   0.00000    
  17855.7      -1372.09     0.0 1.0   0.00000    
  17795.2      -1389.73     0.0 1.0   0.00000    
  17735.7      -1418.37     0.0 1.0   0.00000    
  17704.9      -1438.83     0.0 1.0   0.00000    
  17676.7      -1462.11     0.0 1.0   0.00000    
  17641.8      -1498.91     0.0 1.0   0.00000    
  17620.0      -1528.68     0.0 1.0   0.00000    
  17601.4      -1560.58     0.0 1.0   0.00000    
  17577.3      -1619.17     0.0 1.0   0.00000    
  17565.9      -1663.05     0.0 1.0   0.00000    
  17559.7      -1705.62     0.0 1.0   0.00000    
  17558.0      -1772.75     0.0 1.0   0.00000    
  17561.6      -1818.07     0.0 1.0   0.00000    
  17567.1      -1855.26     0.0 1.0   0.00000    
  17579.7      -1914.13     0.0 1.0   0.00000    
  17595.2      -1971.36     0.0 1.0   0.00000    
  17612.1      -2027.66     0.0 1.0   0.00000    
  17622.7      -2062.63     0.0 1.0   0.00000    
  17632.6      -2096.10     0.0 1.0   0.00000    
  17644.2      -2138.42     0.0 1.0   0.00000    
  17655.0      -2183.66     0.0 1.0   0.00000    
  17664.8      -2237.34     0.0 1.0   0.00000    
  17670.7      -2295.29     0.0 1.0   0.00000    
  17670.3      -2360.75     0.0 1.0   0.00000    
  17665.0      -2405.40     0.0 1.0   0.00000    
  17655.1      -2449.34     0.0 1.0   0.00000    
  17636.2      -2501.48     0.0 1.0   0.00000    
  17608.2      -2552.94     0.0 1.0   0.00000    
  17587.0      -2581.87     0.0 1.0   0.00000    
  17563.0      -2608.28     0.0 1.0   0.00000    
  17523.6      -2641.90     0.0 1.0   0.00000    
  17482.6      -2667.68     0.0 1.0   0.00000    
  17444.2      -2685.41     0.0 1.0   0.00000    
  17403.6      -2698.75     0.0 1.0   0.00000    
  17370.5      -2706.22     0.0 1.0   0.00000    
  17336.8      -2711.06     0.0 1.0   0.00000    
  17270.6      -2713.66     0.0 1.0   0.00000    
  17209.2      -2709.56     0.0 1.0   0.00000    
  17147.7      -2700.70     0.0 1.0   0.00000    
  17105.1      -2692.59     0.0 1.0   0.00000    
  17064.4      -2683.74     0.0 1.0   0.00000    
  17030.5      -2675.75     0.0 1.0   0.00000    
  16996.5      -2667.34     0.0 1.0   0.00000    
  16936.1      -2651.61     0.0 1.0   0.00000    
  16894.0      -2640.24     0.0 1.0   0.00000    
  16853.2      -2628.86     0.0 1.0   0.00000    
  16817.0      -2618.47     0.0 1.0   0.00000    
  16779.5      -2607.24     0.0 1.0   0.00000    
  16717.5      -2587.38     0.0 1.0   0.00000    
  16660.7      -2567.09     0.0 1.0   0.00000    
  16627.0      -2553.70     0.0 1.0   0.00000    
  16593.3      -2539.06     0.0 1.0   0.00000    
  16547.3      -2516.68     0.0 1.0   0.00000    
  16500.7      -2490.44     0.0 1.0   0.00000    
  16455.4      -2460.31     0.0 1.0   0.00000    
  16407.7      -2421.80     0.0 1.0   0.00000    
  16372.5      -2387.02     0.0 1.0   0.00000    
  16338.9      -2346.14     0.0 1.0   0.00000    
  16319.2      -2316.35     0.0 1.0   0.00000    
  16302.1      -2284.90     0.0 1.0   0.00000    
  16285.8      -2245.76     0.0 1.0   0.00000    
  16274.2      -2204.05     0.0 1.0   0.00000    
  16267.7      -2148.35     0.0 1.0   0.00000    
  16272.5      -2089.61     0.0 1.0   0.00000    
  16293.1      -2027.22     0.0 1.0   0.00000    
  16330.9      -1971.53     0.0 1.0   0.00000    
  16372.3      -1936.62     0.0 1.0   0.00000    
  16418.2      -1914.35     0.0 1.0   0.00000    
  16460.2      -1904.74     0.0 1.0   0.00000    
  16502.5      -1903.96     0.0 1.0   0.00000    
  16560.8      -1917.04     0.0 1.0   0.00000    
  16605.8      -1939.14     0.0 1.0   0.00000    
  16649.5      -1972.37     0.0 1.0   0.00000    
  16678.2      -2000.89     0.0 1.0   0.00000    
  16703.3      -2030.30     0.0 1.0   0.00000    
  16731.9      -2067.74     0.0 1.0   0.00000    
  16759.9      -2106.23     0.0 1.0   0.00000    
  16795.3      -2153.11     0.0 1.0   0.00000    
  16821.5      -2183.95     0.0 1.0   0.00000    
  16853.6      -2216.60     0.0 1.0   0.00000    
  16879.4      -2238.69     0.0 1.0   0.00000    
  16907.1      -2258.41     0.0 1.0   0.00000    
  16948.1      -2280.37     0.0 1.0   0.00000    
  16992.3      -2295.47     0.0 1.0   0.00000    
  17047.6      -2302.61     0.0 1.0   0.00000    
  17105.0      -2295.77     0.0 1.0   0.00000    
  17150.1      -2278.44     0.0 1.0   0.00000    
  17188.0      -2252.93     0.0 1.0   0.00000    
  17220.9      -2217.74     0.0 1.0   0.00000    
  17243.6      -2180.20     0.0 1.0   0.00000    
  17259.7      -2137.42     0.0 1.0   0.00000    
  17268.3      -2097.39     0.0 1.0   0.00000    
  17273.4      -2031.54     0.0 1.0   0.00000    
  17274.1      -1998.39     0.0 1.0   0.00000    
  17274.1      -1951.50     0.0 1.0   0.00000    
  17274.9      -1904.29     0.0 1.0   0.00000    
  17277.0      -1866.59     0.0 1.0   0.00000    
  17280.7      -1831.45     0.0 1.0   0.00000    
  17291.9      -1768.38     0.0 1.0   0.00000    
  17301.0      -1733.16     0.0 1.0   0.00000    
  17311.0      -1701.31     0.0 1.0   0.00000    
  17332.2      -1644.99     0.0 1.0   0.00000    
  17353.6      -1595.19     0.0 1.0   0.00000    
  17373.1      -1551.56     0.0 1.0   0.00000    
  17392.9      -1505.80     0.0 1.0   0.00000    
  17409.9      -1462.58     0.0 1.0   0.00000    
  17427.8      -1407.99     0.0 1.0   0.00000    
  17440.7      -1351.21     0.0 1.0   0.00000    
  17445.3      -1314.46     0.0 1.0   0.00000    
  17446.8      -1276.48     0.0 1.0   0.00000    
  17440.7      -1211.11     0.0 1.0   0.00000    
  17431.2      -1172.77     0.0 1.0   0.00000    
  17417.5      -1136.73     0.0 1.0   0.00000    
  17396.2      -1097.37     0.0 1.0   0.00000    
  17368.2      -1060.36     0.0 1.0   0.00000    
  17342.9      -1035.04     0.0 1.0   0.00000    
  17314.9      -1013.11     0.0 1.0   0.00000    
  17279.8      -992.121     0.0 1.0   0.00000    
  17242.9      -976.069     0.0 1.0   0.00000    
  17181.1      -959.999     0.0 1.0   0.00000    
  17143.1      -955.457     0.0 1.0   0.00000    
  17106.5      -954.456     0.0 1.0   0.00000    
  17064.9      -957.000     0.0 1.0   0.00000    
  17024.5      -962.967     0.0 1.0   0.00000    
  16984.1      -972.306     0.0 1.0   0.00000    
  16927.8      -991.080     0.0 1.0   0.00000    
  16880.3      -1012.47     0.0 1.0   0.00000    
  16838.5      -1036.12     0.0 1.0   0.00000    
  16804.3      -1059.38     0.0 1.0   0.00000    
  16773.2      -1084.02     0.0 1.0   0.00000    
  16746.6      -1108.17     0.0 1.0   0.00000    
  16703.1      -1154.41     0.0 1.0   0.00000    
  16679.0      -1183.19     0.0 1.0   0.00000    
  16655.1      -1213.41     0.0 1.0   0.00000    
  16627.3      -1249.31     0.0 1.0   0.00000    
  16594.8      -1289.52     0.0 1.0   0.00000    
  16556.6      -1330.37     0.0 1.0   0.00000    
  16506.1      -1371.32     0.0 1.0   0.00000    
  16472.4      -1390.18     0.0 1.0   0.00000    
  16435.7      -1403.79     0.0 1.0   0.00000    
  16384.4      -1411.41     0.0 1.0   0.00000    
  16331.3      -1404.47     0.0 1.0   0.00000    
  16294.2      -1388.44     0.0 1.0   0.00000    
  16262.4      -1363.35     0.0 1.0   0.00000    
  16228.0      -1305.43     0.0 1.0   0.00000    
  16222.6      -1246.91     0.0 1.0   0.00000    
  16231.5      -1208.10     0.0 1.0   0.00000    
  16255.4      -1160.61     0.0 1.0   0.00000    
  16285.2      -1117.63     0.0 1.0   0.00000    
  16318.7      -1070.33     0.0 1.0   0.00000    
  16343.8      -1024.90     0.0 1.0   0.00000    
  16363.1      -963.694     0.0 1.0   0.00000    
  16365.5      -921.390     0.0 1.0   0.00000    
  16358.6      -880.151     0.0 1.0   0.00000    
  16332.8      -827.326     0.0 1.0   0.00000    
  16296.2      -790.597     0.0 1.0   0.00000    
  16253.2      -767.589     0.0 1.0   0.00000    
  16194.9      -755.494     0.0 1.0   0.00000    
  16133.2      -754.451     0.0 1.0   0.00000    
  16068.4      -759.522     0.0 1.0   0.00000    
  16014.9      -764.439     0.0 1.0   0.00000    
  15975.6      -765.965     0.0 1.0   0.00000    
  15932.7      -764.333     0.0 1.0   0.00000    
  15887.7      -757.763     0.0 1.0   0.00000    
  15843.9      -745.556     0.0 1.0   0.00000    
  15807.0      -729.797     0.0 1.0   0.00000    
  15771.0      -708.424     0.0 1.0   0.00000    
  15721.3      -665.138     0.0 1.0   0.00000    
  15683.6      -613.613     0.0 1.0   0.00000    
  15667.7      -581.917     0.0 1.0   0.00000    
  15655.6      -549.253     0.0 1.0   0.00000    
  15646.1      -510.432     0.0 1.0   0.00000    
  15641.1      -471.834     0.0 1.0   0.00000    
  15640.5      -422.330     0.0 1.0   0.00000    
  15644.5      -378.695     0.0 1.0   0.00000    
  15652.1      -334.197     0.0 1.0   0.00000    
  15661.2      -295.502     0.0 1.0   0.00000    
  15672.3      -255.505     0.0 1.0   0.00000    
  15683.6      -218.788     0.0 1.0   0.00000    
  15702.9      -159.913     0.0 1.0   0.00000    
  15718.5      -112.239     0.0 1.0   0.00000    
  15737.7      -50.4473     0.0 1.0   0.00000    
  15753.0       5.23203     0.0 1.0   0.00000    
  15764.0       51.5746     0.0 1.0   0.00000    
  15772.4       93.7480     0.0 1.0   0.00000    
  15779.6       139.402     0.0 1.0   0.00000    
  15786.6       206.411     0.0 1.0   0.00000    
  15788.4       240.250     0.0 1.0   0.00000    
  15789.0       274.129     0.0 1.0   0.00000    
  15787.1       335.519     0.0 1.0   0.00000    
  15780.3       401.724     0.0 1.0   0.00000    
  15771.9       451.776     0.0 1.0   0.00000    
  15760.8       500.977     0.0 1.0   0.00000    
  15748.9       543.123     0.0 1.0   0.00000    
  15734.8       585.015     0.0 1.0   0.00000    
  15716.7       630.815     0.0 1.0   0.00000    
  15695.0       678.179     0.0 1.0   0.00000    
  15677.5       711.733     0.0 1.0   0.00000    
  15658.3       745.084     0.0 1.0   0.00000    
  15625.9       794.896     0.0 1.0   0.00000    
  15590.0       842.708     0.0 1.0   0.00000    
  15551.7       886.836     0.0 1.0   0.00000    
  15508.2       929.616     0.0 1.0   0.00000    
  15462.7       967.171     0.0 1.0   0.00000    
  15411.2       1001.73     0.0 1.0   0.00000    
  15376.2       1020.71     0.0 1.0   0.00000    
  15340.2       1036.75     0.0 1.0   0.00000    
  15297.5       1051.35     0.0 1.0   0.00000    
  15252.4       1061.66     0.0 1.0   0.00000    
  15200.6       1067.04     0.0 1.0   0.00000    
  15147.9       1065.25     0.0 1.0   0.00000    
  15100.1       1056.81     0.0 1.0   0.00000    
  15052.6       1041.24     0.0 1.0   0.00000    
  15016.0       1023.46     0.0 1.0   0.00000    
  14981.0       1000.69     0.0 1.0   0.00000    
  14932.0       955.832     0.0 1.0   0.00000    
  14898.8       911.902     0.0 1.0   0.00000    
  14874.4       866.279     0.0 1.0   0.00000    
  14860.3       829.390     0.0 1.0   0.00000    
  14850.2       791.694     0.0 1.0   0.00000    
  14841.6       730.257     0.0 1.0   0.00000    
  14841.6       665.075     0.0 1.0   0.00000    
  14844.7       629.842     0.0 1.0   0.00000    
  14849.6       595.635     0.0 1.0   0.00000    
  14858.9       549.502     0.0 1.0   0.00000    
  14872.4       497.165     0.0 1.0   0.00000    
  14886.1       451.501     0.0 1.0   0.00000    
  14898.1       414.805     0.0 1.0   0.00000    
  14910.0       379.895     0.0 1.0   0.00000    
  14929.4       324.371     0.0 1.0   0.00000    
  14946.7       274.721     0.0 1.0   0.00000    
  14960.3       234.803     0.0 1.0   0.00000    
  14977.5       181.394     0.0 1.0   0.00000    
  14989.7       140.986     0.0 1.0   0.00000    
  15000.0       104.607     0.0 1.0   0.00000    
  15009.8       67.1909     0.0 1.0   0.00000    
  15023.1       10.2846     0.0 1.0   0.00000    
  15030.2      -23.5403     0.0 1.0   0.00000    
  15036.5      -57.3868     0.0 1.0   0.00000    
  15043.1      -96.8099     0.0 1.0   0.00000    
  15048.9      -136.810     0.0 1.0   0.00000    
  15056.1      -199.312     0.0 1.0   0.00000    
  15059.5      -238.460     0.0 1.0   0.00000    
  15062.1      -278.269     0.0 1.0   0.00000    
  15063.5      -312.709     0.0 1.0   0.00000    
  15064.3      -347.239     0.0 1.0   0.00000    
  15064.2      -389.822     0.0 1.0   0.00000    
  15062.8      -433.412     0.0 1.0   0.00000    
  15058.3      -498.321     0.0 1.0   0.00000    
  15054.1      -535.444     0.0 1.0   0.00000    
  15048.8      -572.516     0.0 1.0   0.00000    
  15037.8      -631.683     0.0 1.0   0.00000    
  15022.5      -693.192     0.0 1.0   0.00000    
  15010.8      -731.763     0.0 1.0   0.00000    
  14997.4      -770.062     0.0 1.0   0.00000    
  14984.4      -803.163     0.0 1.0   0.00000    
  14969.8      -836.417     0.0 1.0   0.00000    
  14940.6      -894.602     0.0 1.0   0.00000    
  14920.3      -929.871     0.0 1.0   0.00000    
  14898.9      -963.600     0.0 1.0   0.00000    
  14872.0      -1001.75     0.0 1.0   0.00000    
  14841.9      -1040.00     0.0 1.0   0.00000    
  14815.0      -1070.88     0.0 1.0   0.00000    
  14786.1      -1100.78     0.0 1.0   0.00000    
  14750.3      -1133.82     0.0 1.0   0.00000    
  14710.1      -1166.36     0.0 1.0   0.00000    
  14656.6      -1202.98     0.0 1.0   0.00000    
  14605.9      -1230.45     0.0 1.0   0.00000    
  14552.2      -1254.80     0.0 1.0   0.00000    
  14495.2      -1275.63     0.0 1.0   0.00000    
  14456.5      -1285.59     0.0 1.0   0.00000    
  14421.2      -1291.97     0.0 1.0   0.00000    
  14385.4      -1295.96     0.0 1.0   0.00000    
  14344.7      -1297.48     0.0 1.0   0.00000    
  14302.9      -1295.61     0.0 1.0   0.00000    
  14244.8      -1286.76     0.0 1.0   0.00000    
  14203.0      -1275.26     0.0 1.0   0.00000    
  14163.2      -1259.62     0.0 1.0   0.00000    
  14128.7      -1241.56     0.0 1.0   0.00000    
  14095.3      -1219.05     0.0 1.0   0.00000    
  14067.5      -1195.10     0.0 1.0   0.00000    
  14041.8      -1167.07     0.0 1.0   0.00000    
  14007.5      -1113.45     0.0 1.0   0.00000    
  13989.5      -1065.67     0.0 1.0   0.00000    
  13981.0      -1014.19     0.0 1.0   0.00000    
  13984.4      -952.254     0.0 1.0   0.00000    
  13993.4      -915.529     0.0 1.0   0.00000    
  14006.9      -881.497     0.0 1.0   0.00000    
  14028.0      -844.902     0.0 1.0   0.00000    
  14054.7      -812.492     0.0 1.0   0.00000    
  14089.3      -782.599     0.0 1.0   0.00000    
  14144.7      -751.032     0.0 1.0   0.00000    
  14192.4      -732.767     0.0 1.0   0.00000    
  14227.9      -722.519     0.0 1.0   0.00000    
  14260.2      -714.848     0.0 1.0   0.00000    
  14313.6      -704.338     0.0 1.0   0.00000    
  14373.8      -693.142     0.0 1.0   0.00000    
  14420.5      -683.160     0.0 1.0   0.00000    
  14474.5      -668.828     0.0 1.0   0.00000    
  14527.8      -649.138     0.0 1.0   0.00000    
  14581.1      -624.787     0.0 1.0   0.00000    
  14633.8      -595.171     0.0 1.0   0.00000    
  14665.7      -571.846     0.0 1.0   0.00000    
  14704.2      -537.082     0.0 1.0   0.00000    
  14740.2      -496.723     0.0 1.0   0.00000    
  14761.3      -468.406     0.0 1.0   0.00000    
  14780.4      -439.097     0.0 1.0   0.00000    
  14799.4      -405.286     0.0 1.0   0.00000    
  14815.9      -370.945     0.0 1.0   0.00000    
  14835.0      -323.294     0.0 1.0   0.00000    
  14850.4      -275.487     0.0 1.0   0.00000    
  14863.9      -220.882     0.0 1.0   0.00000    
  14873.7      -163.429     0.0 1.0   0.00000    
  14879.0      -105.108     0.0 1.0   0.00000    
  14878.6      -38.7521     0.0 1.0   0.00000    
  14874.5      0.221448     0.0 1.0   0.00000    
  14866.9       39.3946     0.0 1.0   0.00000    
  14856.8       73.3738     0.0 1.0   0.00000    
  14843.2       106.476     0.0 1.0   0.00000    
  14819.7       147.913     0.0 1.0   0.00000    
  14790.6       184.582     0.0 1.0   0.00000    
  14751.7       219.536     0.0 1.0   0.00000    
  14705.5       247.500     0.0 1.0   0.00000    
  14649.4       267.734     0.0 1.0   0.00000    
  14593.7       276.526     0.0 1.0   0.00000    
  14529.9       275.530     0.0 1.0   0.00000    
  14492.3       270.659     0.0 1.0   0.00000    
  14457.7       263.868     0.0 1.0   0.00000    
  14417.2       253.657     0.0 1.0   0.00000    
  14381.9       243.350     0.0 1.0   0.00000    
  14344.8       231.673     0.0 1.0   0.00000    
  14311.7       220.826     0.0 1.0   0.00000    
  14275.9       208.958     0.0 1.0   0.00000    
  14242.2       197.832     0.0 1.0   0.00000    
  14202.4       184.903     0.0 1.0   0.00000    
  14164.1       172.719     0.0 1.0   0.00000    
  14130.1       162.193     0.0 1.0   0.00000    
  14094.5       151.513     0.0 1.0   0.00000    
  14033.3       134.319     0.0 1.0   0.00000    
  13983.6       122.263     0.0 1.0   0.00000    
  13929.8       112.338     0.0 1.0   0.00000    
  13866.9       106.976     0.0 1.0   0.00000    
  13826.2       108.669     0.0 1.0   0.00000    
  13785.7       115.357     0.0 1.0   0.00000    
  13740.6       130.229     0.0 1.0   0.00000    
  13698.6       153.756     0.0 1.0   0.00000    
  13658.2       190.310     0.0 1.0   0.00000    
  13628.7       234.487     0.0 1.0   0.00000    
  13608.1       291.997     0.0 1.0   0.00000    
  13600.0       347.955     0.0 1.0   0.00000    
  13598.3       406.918     0.0 1.0   0.00000    
  13597.1       467.624     0.0 1.0   0.00000    
  13589.8       528.522     0.0 1.0   0.00000    
  13580.5       563.073     0.0 1.0   0.00000    
  13567.2       595.815     0.0 1.0   0.00000    
  13547.2       629.460     0.0 1.0   0.00000    
  13523.0       658.366     0.0 1.0   0.00000    
  13484.1       690.643     0.0 1.0   0.00000    
  13440.5       714.551     0.0 1.0   0.00000    
  13387.8       733.413     0.0 1.0   0.00000    
  13333.3       746.955     0.0 1.0   0.00000    
  13281.1       758.499     0.0 1.0   0.00000    
  13244.0       767.782     0.0 1.0   0.00000    
  13205.5       779.237     0.0 1.0   0.00000    
  13166.6       793.443     0.0 1.0   0.00000    
  13131.2       808.918     0.0 1.0   0.00000    
  13092.1       828.854     0.0 1.0   0.00000    
  13055.6       849.560     0.0 1.0   0.00000    
  13019.3       871.192     0.0 1.0   0.00000    
  12983.3       892.511     0.0 1.0   0.00000    
  12946.7       912.629     0.0 1.0   0.00000    
  12904.7       932.523     0.0 1.0   0.00000    
  12842.2       953.899     0.0 1.0   0.00000    
  12801.6       961.230     0.0 1.0   0.00000    
  12760.4       963.065     0.0 1.0   0.00000    
  12711.2       957.092     0.0 1.0   0.00000    
  12661.0       939.911     0.0 1.0   0.00000    
  12629.7       921.817     0.0 1.0   0.00000    
  12602.2       899.147     0.0 1.0   0.00000    
  12577.0       869.640     0.0 1.0   0.00000    
  12558.0       836.478     0.0 1.0   0.00000    
  12540.1       774.888     0.0 1.0   0.00000    
  12538.3       728.300     0.0 1.0   0.00000    
  12543.4       688.685     0.0 1.0   0.00000    
  12561.4       629.801     0.0 1.0   0.00000    
  12584.4       578.973     0.0 1.0   0.00000    
  12600.9       546.838     0.0 1.0   0.00000    
  12619.7       511.536     0.0 1.0   0.00000    
  12639.8       472.408     0.0 1.0   0.00000    
  12662.0       424.170     0.0 1.0   0.00000    
  12676.5       385.420     0.0 1.0   0.00000    
  12688.5       341.401     0.0 1.0   0.00000    
  12696.8       275.859     0.0 1.0   0.00000    
  12694.9       233.086     0.0 1.0   0.00000    
  12686.3       189.528     0.0 1.0   0.00000    
  12671.1       152.207     0.0 1.0   0.00000    
  12650.9       117.877     0.0 1.0   0.00000    
  12630.6       89.8969     0.0 1.0   0.00000    
  12607.1       63.7737     0.0 1.0   0.00000    
  12559.2       26.7208     0.0 1.0   0.00000    
  12524.3       15.8503     0.0 1.0   0.00000    
  12488.6       12.1900     0.0 1.0   0.00000    
  12425.3       15.7230     0.0 1.0   0.00000    
  12368.9       31.8389     0.0 1.0   0.00000    
  12335.4       52.6058     0.0 1.0   0.00000    
  12308.3       76.2865     0.0 1.0   0.00000    
  12276.8       112.545     0.0 1.0   0.00000    
  12255.8       142.181     0.0 1.0   0.00000    
  12237.6       171.028     0.0 1.0   0.00000    
  12219.8       201.417     0.0 1.0   0.00000    
  12201.7       232.892     0.0 1.0   0.00000    
  12182.3       265.647     0.0 1.0   0.00000    
  12156.2       306.211     0.0 1.0   0.00000    
  12118.6       355.807     0.0 1.0   0.00000    
  12078.6       397.131     0.0 1.0   0.00000    
  12028.5       435.688     0.0 1.0   0.00000    
  11988.6       457.596     0.0 1.0   0.00000    
  11946.4       473.583     0.0 1.0   0.00000    
  11896.2       483.792     0.0 1.0   0.00000    
  11842.1       484.424     0.0 1.0   0.00000    
  11804.5       478.170     0.0 1.0   0.00000    
  11768.8       466.501     0.0 1.0   0.00000    
  11731.4       447.067     0.0 1.0   0.00000    
  11698.9       422.082     0.0 1.0   0.00000    
  11668.5       388.106     0.0 1.0   0.00000    
  11645.5       349.587     0.0 1.0   0.00000    
  11627.0       295.028     0.0 1.0   0.00000    
  11620.7       235.240     0.0 1.0   0.00000    
  11626.8       170.414     0.0 1.0   0.00000    
  11634.6       135.323     0.0 1.0   0.00000    
  11644.8       101.660     0.0 1.0   0.00000    
  11660.0       61.2066     0.0 1.0   0.00000    
  11677.6       21.0075     0.0 1.0   0.00000    
  11703.8      -34.1490     0.0 1.0   0.00000    
  11724.4      -78.8779     0.0 1.0   0.00000    
  11737.7      -110.431     0.0 1.0   0.00000    
  11750.0      -142.802     0.0 1.0   0.00000    
  11765.1      -191.490     0.0 1.0   0.00000    
  11775.8      -243.005     0.0 1.0   0.00000    
  11779.9      -295.781     0.0 1.0   0.00000    
  11774.5      -355.307     0.0 1.0   0.00000    
  11756.8      -412.153     0.0 1.0   0.00000    
  11721.0      -468.733     0.0 1.0   0.00000    
  11681.0      -503.886     0.0 1.0   0.00000    
  11636.3      -526.159     0.0 1.0   0.00000    
  11594.4      -535.350     0.0 1.0   0.00000    
  11549.7      -533.541     0.0 1.0   0.00000    
  11488.5      -507.737     0.0 1.0   0.00000    
  11454.5      -469.645     0.0 1.0   0.00000    
  11436.8      -425.773     0.0 1.0   0.00000    
  11431.5      -374.086     0.0 1.0   0.00000    
  11435.1      -324.391     0.0 1.0   0.00000    
  11443.2      -266.196     0.0 1.0   0.00000    
  11447.3      -212.894     0.0 1.0   0.00000    
  11446.2      -178.091     0.0 1.0   0.00000    
  11441.1      -143.356     0.0 1.0   0.00000    
  11424.4      -93.5955     0.0 1.0   0.00000    
  11396.9      -49.8052     0.0 1.0   0.00000    
  11355.2      -11.2887     0.0 1.0   0.00000    
  11308.6       12.8100     0.0 1.0   0.00000    
  11252.7       25.4288     0.0 1.0   0.00000    
  11203.5       26.1375     0.0 1.0   0.00000    
  11162.7       21.2876     0.0 1.0   0.00000    
  11120.1       12.5580     0.0 1.0   0.00000    
  11082.4       3.35762     0.0 1.0   0.00000    
  11044.3      -6.07583     0.0 1.0   0.00000    
  11004.2      -14.9953     0.0 1.0   0.00000    
  10959.9      -22.3411     0.0 1.0   0.00000    
  10907.9      -26.0780     0.0 1.0   0.00000    
  10847.5      -21.6815     0.0 1.0   0.00000    
  10800.9      -9.91170     0.0 1.0   0.00000    
  10755.6       10.8068     0.0 1.0   0.00000    
  10707.8       47.6765     0.0 1.0   0.00000    
  10671.3       97.9379     0.0 1.0   0.00000    
  10654.6       144.444     0.0 1.0   0.00000    
  10650.6       191.352     0.0 1.0   0.00000    
  10657.2       231.660     0.0 1.0   0.00000    
  10672.3       268.704     0.0 1.0   0.00000    
  10712.4       319.014     0.0 1.0   0.00000    
  10752.1       347.546     0.0 1.0   0.00000    
  10806.1       370.988     0.0 1.0   0.00000    
  10869.8       389.689     0.0 1.0   0.00000    
  10905.4       398.458     0.0 1.0   0.00000    
  10941.4       406.827     0.0 1.0   0.00000    
  11006.5       422.631     0.0 1.0   0.00000    
  11046.1       435.582     0.0 1.0   0.00000    
  11087.6       453.384     0.0 1.0   0.00000    
  11142.3       486.776     0.0 1.0   0.00000    
  11171.2       511.821     0.0 1.0   0.00000    
  11196.4       540.696     0.0 1.0   0.00000    
  11223.8       586.529     0.0 1.0   0.00000    
  11240.0       637.533     0.0 1.0   0.00000    
  11242.6       695.941     0.0 1.0   0.00000    
  11228.5       752.207     0.0 1.0   0.00000    
  11208.2       788.912     0.0 1.0   0.00000    
  11182.5       818.523     0.0 1.0   0.00000    
  11147.3       845.063     0.0 1.0   0.00000    
  11112.5       861.969     0.0 1.0   0.00000    
  11074.1       873.375     0.0 1.0   0.00000    
  11016.2       880.499     0.0 1.0   0.00000    
  10951.6       880.779     0.0 1.0   0.00000    
  10916.4       880.086     0.0 1.0   0.00000    
  10880.2       879.641     0.0 1.0   0.00000    
  10816.3       881.508     0.0 1.0   0.00000    
  10777.8       886.167     0.0 1.0   0.00000    
  10739.6       894.081     0.0 1.0   0.00000    
  10696.2       907.875     0.0 1.0   0.00000    
  10651.6       928.442     0.0 1.0   0.00000    
  10605.4       958.409     0.0 1.0   0.00000    
  10561.2       998.747     0.0 1.0   0.00000    
  10523.2       1048.36     0.0 1.0   0.00000    
  10493.3       1107.02     0.0 1.0   0.00000    
  10480.3       1143.73     0.0 1.0   0.00000    
  10471.0       1178.10     0.0 1.0   0.00000    
  10460.1       1235.42     0.0 1.0   0.00000    
  10451.1       1298.22     0.0 1.0   0.00000    
  10446.0       1332.05     0.0 1.0   0.00000    
  10439.1       1366.62     0.0 1.0   0.00000    
  10419.6       1427.71     0.0 1.0   0.00000    
  10386.8       1477.71     0.0 1.0   0.00000    
  10345.9       1482.22     0.0 1.0   0.00000    
  10311.2       1466.60     0.0 1.0   0.00000    
  10278.8       1430.04     0.0 1.0   0.00000    
  10260.0       1391.41     0.0 1.0   0.00000    
  10235.4       1356.39     0.0 1.0   0.00000    
  10201.2       1326.56     0.0 1.0   0.00000    
  10165.0       1307.90     0.0 1.0   0.00000    
  10129.6       1298.40     0.0 1.0   0.00000    
  10093.2       1292.74     0.0 1.0   0.00000    
  10056.6       1290.50     0.0 1.0   0.00000    
  10006.0       1293.08     0.0 1.0   0.00000    
  9951.22       1297.59     0.0 1.0   0.00000    
  9884.66       1299.56     0.0 1.0   0.00000    
  9827.97       1294.17     0.0 1.0   0.00000    
  9780.39       1282.55     0.0 1.0   0.00000    
  9745.62       1268.78     0.0 1.0   0.00000    
  9712.34       1250.45     0.0 1.0   0.00000    
  9684.41       1230.20     0.0 1.0   0.00000    
  9659.08       1206.24     0.0 1.0   0.00000    
  9621.03       1151.13     0.0 1.0   0.00000    
  9605.02       1101.47     0.0 1.0   0.00000    
  9602.17       1053.56     0.0 1.0   0.00000    
  9608.69       1013.36     0.0 1.0   0.00000    
  9622.17       976.738     0.0 1.0   0.00000    
  9645.93       937.674     0.0 1.0   0.00000    
  9672.40       907.760     0.0 1.0   0.00000    
  9718.18       871.667     0.0 1.0   0.00000    
  9762.77       846.101     0.0 1.0   0.00000    
  9800.04       828.517     0.0 1.0   0.00000    
  9835.98       813.212     0.0 1.0   0.00000    
  9881.89       794.312     0.0 1.0   0.00000    
  9935.24       770.645     0.0 1.0   0.00000    
  9966.27       754.656     0.0 1.0   0.00000    
  9996.94       736.514     0.0 1.0   0.00000    
  10047.1       699.511     0.0 1.0   0.00000    
  10073.2       674.367     0.0 1.0   0.00000    
  10096.5       646.139     0.0 1.0   0.00000    
  10127.5       592.733     0.0 1.0   0.00000    
  10146.0       529.511     0.0 1.0   0.00000    
  10145.5       465.536     0.0 1.0   0.00000    
  10126.5       400.858     0.0 1.0   0.00000    
  10106.2       366.101     0.0 1.0   0.00000    
  10079.9       336.803     0.0 1.0   0.00000    
  10035.4       307.965     0.0 1.0   0.00000    
  9995.05       294.445     0.0 1.0   0.00000    
  9957.55       289.206     0.0 1.0   0.00000    
  9910.00       290.426     0.0 1.0   0.00000    
  9872.95       295.825     0.0 1.0   0.00000    
  9834.83       304.232     0.0 1.0   0.00000    
  9803.25       312.320     0.0 1.0   0.00000    
  9770.85       320.841     0.0 1.0   0.00000    
  9725.79       331.759     0.0 1.0   0.00000    
  9677.37       340.399     0.0 1.0   0.00000    
  9612.79       344.813     0.0 1.0   0.00000    
  9569.65       342.092     0.0 1.0   0.00000    
  9533.08       335.906     0.0 1.0   0.00000    
  9496.99       326.057     0.0 1.0   0.00000    
  9438.56       301.489     0.0 1.0   0.00000    
  9390.45       272.635     0.0 1.0   0.00000    
  9337.55       231.201     0.0 1.0   0.00000    
  9289.19       185.119     0.0 1.0   0.00000    
  9246.62       140.038     0.0 1.0   0.00000    
  9206.89       96.6158     0.0 1.0   0.00000    
  9165.16       52.1084     0.0 1.0   0.00000    
  9135.98       22.8636     0.0 1.0   0.00000    
  9105.03      -6.11284     0.0 1.0   0.00000    
  9068.38      -37.4453     0.0 1.0   0.00000    
  9022.28      -72.2049     0.0 1.0   0.00000    
  8993.34      -91.4274     0.0 1.0   0.00000    
  8963.57      -109.238     0.0 1.0   0.00000    
  8923.80      -130.108     0.0 1.0   0.00000    
  8881.69      -148.757     0.0 1.0   0.00000    
  8847.28      -161.500     0.0 1.0   0.00000    
  8812.03      -172.323     0.0 1.0   0.00000    
  8768.35      -182.687     0.0 1.0   0.00000    
  8701.70      -192.082     0.0 1.0   0.00000    
  8634.47      -193.410     0.0 1.0   0.00000    
  8568.33      -185.947     0.0 1.0   0.00000    
  8517.30      -173.268     0.0 1.0   0.00000    
  8467.87      -154.114     0.0 1.0   0.00000    
  8414.90      -123.986     0.0 1.0   0.00000    
  8365.74      -83.1018     0.0 1.0   0.00000    
  8329.69      -39.4832     0.0 1.0   0.00000    
  8302.40       10.1087     0.0 1.0   0.00000    
  8287.25       56.0081     0.0 1.0   0.00000    
  8280.45       102.767     0.0 1.0   0.00000    
  8282.28       152.654     0.0 1.0   0.00000    
  8292.90       199.947     0.0 1.0   0.00000    
  8312.85       246.706     0.0 1.0   0.00000    
  8340.16       288.427     0.0 1.0   0.00000    
  8362.79       314.454     0.0 1.0   0.00000    
  8387.77       337.886     0.0 1.0   0.00000    
  8430.25       369.387     0.0 1.0   0.00000    
  8469.94       392.710     0.0 1.0   0.00000    
  8525.16       418.700     0.0 1.0   0.00000    
  8571.92       437.285     0.0 1.0   0.00000    
  8604.49       449.171     0.0 1.0   0.00000    
  8635.49       460.014     0.0 1.0   0.00000    
  8674.48       473.353     0.0 1.0   0.00000    
  8705.77       484.116     0.0 1.0   0.00000    
  8746.82       498.591     0.0 1.0   0.00000    
  8796.36       517.032     0.0 1.0   0.00000    
  8830.82       530.771     0.0 1.0   0.00000    
  8867.79       546.501     0.0 1.0   0.00000    
  8908.98       565.425     0.0 1.0   0.00000    
  8961.15       591.848     0.0 1.0   0.00000    
  8996.71       611.704     0.0 1.0   0.00000    
  9033.02       633.739     0.0 1.0   0.00000    
  9086.68       670.051     0.0 1.0   0.00000    
  9116.62       692.667     0.0 1.0   0.00000    
  9145.78       716.591     0.0 1.0   0.00000    
  9189.53       756.646     0.0 1.0   0.00000    
  9232.41       802.122     0.0 1.0   0.00000    
  9257.92       833.057     0.0 1.0   0.00000    
  9282.13       865.902     0.0 1.0   0.00000    
  9301.52       895.379     0.0 1.0   0.00000    
  9319.51       926.068     0.0 1.0   0.00000    
  9341.22       969.084     0.0 1.0   0.00000    
  9359.82       1014.21     0.0 1.0   0.00000    
  9377.02       1069.31     0.0 1.0   0.00000    
  9389.20       1130.35     0.0 1.0   0.00000    
  9394.10       1190.37     0.0 1.0   0.00000    
  9391.47       1253.43     0.0 1.0   0.00000    
  9385.76       1291.03     0.0 1.0   0.00000    
  9376.95       1327.53     0.0 1.0   0.00000    
  9362.93       1368.13     0.0 1.0   0.00000    
  9343.81       1408.64     0.0 1.0   0.00000    
  9308.52       1462.03     0.0 1.0   0.00000    
  9266.19       1501.74     0.0 1.0   0.00000    
  9218.23       1536.73     0.0 1.0   0.00000    
  9164.32       1566.44     0.0 1.0   0.00000    
  9125.39       1576.90     0.0 1.0   0.00000    
  9079.16       1580.93     0.0 1.0   0.00000    
  9031.42       1576.16     0.0 1.0   0.00000    
  8971.33       1556.09     0.0 1.0   0.00000    
  8915.12       1519.06     0.0 1.0   0.00000    
  8874.08       1474.99     0.0 1.0   0.00000    
  8843.96       1426.14     0.0 1.0   0.00000    
  8824.07       1378.70     0.0 1.0   0.00000    
  8808.42       1321.92     0.0 1.0   0.00000    
  8800.26       1277.43     0.0 1.0   0.00000    
  8794.76       1234.85     0.0 1.0   0.00000    
  8791.39       1200.80     0.0 1.0   0.00000    
  8787.54       1152.52     0.0 1.0   0.00000    
  8784.89       1117.68     0.0 1.0   0.00000    
  8779.77       1056.22     0.0 1.0   0.00000    
  8774.85       1011.53     0.0 1.0   0.00000    
  8769.26       971.822     0.0 1.0   0.00000    
  8760.99       925.819     0.0 1.0   0.00000    
  8747.91       870.524     0.0 1.0   0.00000    
  8738.23       837.945     0.0 1.0   0.00000    
  8726.99       805.793     0.0 1.0   0.00000    
  8702.60       749.611     0.0 1.0   0.00000    
  8670.71       693.915     0.0 1.0   0.00000    
  8639.73       652.115     0.0 1.0   0.00000    
  8603.42       613.609     0.0 1.0   0.00000    
  8556.07       575.833     0.0 1.0   0.00000    
  8499.54       544.852     0.0 1.0   0.00000    
  8454.57       529.321     0.0 1.0   0.00000    
  8408.68       520.844     0.0 1.0   0.00000    
  8353.86       520.051     0.0 1.0   0.00000    
  8300.26       529.364     0.0 1.0   0.00000    
  8245.25       550.501     0.0 1.0   0.00000    
  8196.27       581.422     0.0 1.0   0.00000    
  8166.99       606.886     0.0 1.0   0.00000    
  8142.03       634.033     0.0 1.0   0.00000    
  8117.96       666.397     0.0 1.0   0.00000    
  8098.04       699.188     0.0 1.0   0.00000    
  8071.02       756.181     0.0 1.0   0.00000    
  8050.48       811.650     0.0 1.0   0.00000    
  8034.41       862.900     0.0 1.0   0.00000    
  8018.40       918.938     0.0 1.0   0.00000    
  8004.84       966.984     0.0 1.0   0.00000    
  7990.59       1015.63     0.0 1.0   0.00000    
  7977.34       1058.05     0.0 1.0   0.00000    
  7961.70       1104.42     0.0 1.0   0.00000    
  7947.00       1144.79     0.0 1.0   0.00000    
  7927.35       1194.72     0.0 1.0   0.00000    
  7909.69       1236.60     0.0 1.0   0.00000    
  7885.37       1290.84     0.0 1.0   0.00000    
  7859.76       1345.06     0.0 1.0   0.00000    
  7839.05       1387.51     0.0 1.0   0.00000    
  7819.01       1427.66     0.0 1.0   0.00000    
  7798.18       1468.64     0.0 1.0   0.00000    
  7778.01       1507.55     0.0 1.0   0.00000    
  7758.88       1543.60     0.0 1.0   0.00000    
  7731.68       1593.05     0.0 1.0   0.00000    
  7705.46       1638.02     0.0 1.0   0.00000    
  7684.10       1672.32     0.0 1.0   0.00000    
  7661.14       1706.67     0.0 1.0   0.00000    
  7627.61       1752.20     0.0 1.0   0.00000    
  7588.78       1798.36     0.0 1.0   0.00000    
  7564.74       1823.80     0.0 1.0   0.00000    
  7539.64       1848.17     0.0 1.0   0.00000    
  7491.94       1889.38     0.0 1.0   0.00000    
  7439.66       1928.81     0.0 1.0   0.00000    
  7384.25       1966.61     0.0 1.0   0.00000    
  7344.62       1992.71     0.0 1.0   0.00000    
  7308.62       2016.53     0.0 1.0   0.00000    
  7271.52       2041.90     0.0 1.0   0.00000    
  7228.13       2073.48     0.0 1.0   0.00000    
  7182.91       2109.65     0.0 1.0   0.00000    
  7156.91       2132.30     0.0 1.0   0.00000    
  7131.74       2155.57     0.0 1.0   0.00000    
  7102.71       2184.01     0.0 1.0   0.00000    
  7074.13       2213.38     0.0 1.0   0.00000    
  7033.97       2255.89     0.0 1.0   0.00000    
  6989.53       2301.83     0.0 1.0   0.00000    
  6947.55       2340.95     0.0 1.0   0.00000    
  6897.00       2380.11     0.0 1.0   0.00000    
  6856.76       2403.95     0.0 1.0   0.00000    
  6811.11       2423.30     0.0 1.0   0.00000    
  6751.73       2436.36     0.0 1.0   0.00000    
  6684.89       2433.82     0.0 1.0   0.00000    
  6626.78       2413.56     0.0 1.0   0.00000    
  6577.73       2376.01     0.0 1.0   0.00000    
  6542.13       2319.16     0.0 1.0   0.00000    
  6530.63       2260.83     0.0 1.0   0.00000    
  6537.16       2207.29     0.0 1.0   0.00000    
  6552.52       2166.63     0.0 1.0   0.00000    
  6577.08       2125.99     0.0 1.0   0.00000    
  6597.41       2099.43     0.0 1.0   0.00000    
  6623.07       2069.95     0.0 1.0   0.00000    
  6646.65       2044.09     0.0 1.0   0.00000    
  6679.89       2006.84     0.0 1.0   0.00000    
  6718.74       1956.07     0.0 1.0   0.00000    
  6747.92       1903.47     0.0 1.0   0.00000    
  6768.32       1839.46     0.0 1.0   0.00000    
  6772.46       1781.38     0.0 1.0   0.00000    
  6761.77       1722.81     0.0 1.0   0.00000    
  6731.57       1664.04     0.0 1.0   0.00000    
  6684.12       1618.65     0.0 1.0   0.00000    
  6624.51       1592.23     0.0 1.0   0.00000    
  6566.93       1586.89     0.0 1.0   0.00000    
  6525.38       1593.32     0.0 1.0   0.00000    
  6489.82       1605.47     0.0 1.0   0.00000    
  6457.27       1621.98     0.0 1.0   0.00000    
  6426.86       1641.89     0.0 1.0   0.00000    
  6376.81       1683.51     0.0 1.0   0.00000    
  6335.14       1723.78     0.0 1.0   0.00000    
  6306.38       1752.87     0.0 1.0   0.00000    
  6258.92       1800.56     0.0 1.0   0.00000    
  6229.41       1827.74     0.0 1.0   0.00000    
  6198.91       1853.48     0.0 1.0   0.00000    
  6170.92       1874.84     0.0 1.0   0.00000    
  6141.19       1895.14     0.0 1.0   0.00000    
  6087.96       1925.41     0.0 1.0   0.00000    
  6036.74       1946.86     0.0 1.0   0.00000    
  5975.80       1963.22     0.0 1.0   0.00000    
  5940.48       1968.26     0.0 1.0   0.00000    
  5904.97       1970.01     0.0 1.0   0.00000    
  5860.05       1967.14     0.0 1.0   0.00000    
  5815.27       1957.88     0.0 1.0   0.00000    
  5761.03       1936.62     0.0 1.0   0.00000    
  5709.60       1902.57     0.0 1.0   0.00000    
  5670.61       1857.45     0.0 1.0   0.00000    
  5638.52       1798.79     0.0 1.0   0.00000    
  5625.12       1761.66     0.0 1.0   0.00000    
  5618.10       1722.36     0.0 1.0   0.00000    
  5624.25       1661.60     0.0 1.0   0.00000    
  5648.74       1601.46     0.0 1.0   0.00000    
  5677.31       1560.78     0.0 1.0   0.00000    
  5708.02       1529.38     0.0 1.0   0.00000    
  5756.03       1493.37     0.0 1.0   0.00000    
  5795.34       1470.29     0.0 1.0   0.00000    
  5838.93       1448.70     0.0 1.0   0.00000    
  5890.51       1425.99     0.0 1.0   0.00000    
  5943.15       1403.60     0.0 1.0   0.00000    
  5998.92       1378.70     0.0 1.0   0.00000    
  6040.02       1358.48     0.0 1.0   0.00000    
  6089.25       1331.33     0.0 1.0   0.00000    
  6138.75       1299.74     0.0 1.0   0.00000    
  6176.04       1272.32     0.0 1.0   0.00000    
  6213.11       1241.19     0.0 1.0   0.00000    
  6241.95       1213.61     0.0 1.0   0.00000    
  6269.44       1183.82     0.0 1.0   0.00000    
  6299.42       1146.13     0.0 1.0   0.00000    
  6327.00       1104.39     0.0 1.0   0.00000    
  6347.51       1066.19     0.0 1.0   0.00000    
  6365.12       1024.39     0.0 1.0   0.00000    
  6376.69       987.223     0.0 1.0   0.00000    
  6384.78       948.292     0.0 1.0   0.00000    
  6389.10       899.181     0.0 1.0   0.00000    
  6386.33       848.803     0.0 1.0   0.00000    
  6373.70       792.536     0.0 1.0   0.00000    
  6349.40       737.424     0.0 1.0   0.00000    
  6319.96       695.360     0.0 1.0   0.00000    
  6284.10       660.194     0.0 1.0   0.00000    
  6238.15       630.041     0.0 1.0   0.00000    
  6187.01       609.800     0.0 1.0   0.00000    
  6153.11       602.410     0.0 1.0   0.00000    
  6118.71       599.166     0.0 1.0   0.00000    
  6056.59       603.245     0.0 1.0   0.00000    
  5998.98       617.510     0.0 1.0   0.00000    
  5951.77       636.126     0.0 1.0   0.00000    
  5907.76       658.596     0.0 1.0   0.00000    
  5869.74       681.355     0.0 1.0   0.00000    
  5826.67       710.077     0.0 1.0   0.00000    
  5776.09       746.196     0.0 1.0   0.00000    
  5738.71       773.178     0.0 1.0   0.00000    
  5690.72       807.122     0.0 1.0   0.00000    
  5660.64       827.410     0.0 1.0   0.00000    
  5626.93       849.031     0.0 1.0   0.00000    
  5590.16       871.100     0.0 1.0   0.00000    
  5559.87       888.001     0.0 1.0   0.00000    
  5528.98       904.032     0.0 1.0   0.00000    
  5489.62       922.706     0.0 1.0   0.00000    
  5447.99       940.367     0.0 1.0   0.00000    
  5401.03       957.802     0.0 1.0   0.00000    
  5351.71       973.405     0.0 1.0   0.00000    
  5304.00       985.969     0.0 1.0   0.00000    
  5251.48       997.023     0.0 1.0   0.00000    
  5215.40       1002.95     0.0 1.0   0.00000    
  5179.34       1007.53     0.0 1.0   0.00000    
  5137.64       1011.10     0.0 1.0   0.00000    
  5095.90       1012.76     0.0 1.0   0.00000    
  5047.87       1012.20     0.0 1.0   0.00000    
  4996.35       1008.44     0.0 1.0   0.00000    
  4961.73       1003.90     0.0 1.0   0.00000    
  4927.27       997.678     0.0 1.0   0.00000    
  4878.23       985.646     0.0 1.0   0.00000    
  4829.07       969.421     0.0 1.0   0.00000    
  4793.62       954.790     0.0 1.0   0.00000    
  4757.93       937.264     0.0 1.0   0.00000    
  4701.23       902.694     0.0 1.0   0.00000    
  4671.83       880.770     0.0 1.0   0.00000    
  4643.84       856.725     0.0 1.0   0.00000    
  4601.62       812.821     0.0 1.0   0.00000    
  4578.85       783.685     0.0 1.0   0.00000    
  4558.67       752.972     0.0 1.0   0.00000    
  4538.26       714.303     0.0 1.0   0.00000    
  4521.54       671.128     0.0 1.0   0.00000    
  4512.78       637.840     0.0 1.0   0.00000    
  4507.44       603.631     0.0 1.0   0.00000    
  4507.26       542.188     0.0 1.0   0.00000    
  4515.99       494.572     0.0 1.0   0.00000    
  4532.88       448.655     0.0 1.0   0.00000    
  4550.83       416.508     0.0 1.0   0.00000    
  4572.93       387.282     0.0 1.0   0.00000    
  4606.60       355.026     0.0 1.0   0.00000    
  4643.10       330.642     0.0 1.0   0.00000    
  4687.06       311.353     0.0 1.0   0.00000    
  4731.66       300.374     0.0 1.0   0.00000    
  4772.25       296.533     0.0 1.0   0.00000    
  4809.84       297.474     0.0 1.0   0.00000    
  4849.81       302.626     0.0 1.0   0.00000    
  4886.49       310.530     0.0 1.0   0.00000    
  4926.77       322.045     0.0 1.0   0.00000    
  4961.38       333.593     0.0 1.0   0.00000    
  5003.10       348.721     0.0 1.0   0.00000    
  5038.22       361.626     0.0 1.0   0.00000    
  5083.77       377.708     0.0 1.0   0.00000    
  5122.36       389.905     0.0 1.0   0.00000    
  5182.26       405.324     0.0 1.0   0.00000    
  5231.35       413.863     0.0 1.0   0.00000    
  5297.87       419.021     0.0 1.0   0.00000    
  5352.05       417.363     0.0 1.0   0.00000    
  5407.02       410.128     0.0 1.0   0.00000    
  5467.52       395.463     0.0 1.0   0.00000    
  5529.31       372.954     0.0 1.0   0.00000    
  5589.40       343.501     0.0 1.0   0.00000    
  5632.25       317.862     0.0 1.0   0.00000    
  5660.55       298.767     0.0 1.0   0.00000    
  5688.04       278.536     0.0 1.0   0.00000    
  5736.93       238.298     0.0 1.0   0.00000    
  5780.11       198.028     0.0 1.0   0.00000    
  5822.74       153.335     0.0 1.0   0.00000    
  5848.91       123.353     0.0 1.0   0.00000    
  5873.87       92.8575     0.0 1.0   0.00000    
  5895.12       65.3506     0.0 1.0   0.00000    
  5915.88       37.0330     0.0 1.0   0.00000    
  5950.62      -13.8488     0.0 1.0   0.00000    
  5982.56      -65.1595     0.0 1.0   0.00000    
  6012.53      -118.472     0.0 1.0   0.00000    
  6029.64      -152.008     0.0 1.0   0.00000    
  6045.84      -186.614     0.0 1.0   0.00000    
  6061.62      -224.122     0.0 1.0   0.00000    
  6075.74      -262.492     0.0 1.0   0.00000    
  6086.70      -297.479     0.0 1.0   0.00000    
  6096.20      -334.462     0.0 1.0   0.00000    
  6107.26      -398.250     0.0 1.0   0.00000    
  6110.76      -459.192     0.0 1.0   0.00000    
  6109.17      -495.920     0.0 1.0   0.00000    
  6104.63      -532.224     0.0 1.0   0.00000    
  6095.20      -574.604     0.0 1.0   0.00000    
  6080.38      -617.613     0.0 1.0   0.00000    
  6065.50      -649.104     0.0 1.0   0.00000    
  6047.51      -678.969     0.0 1.0   0.00000    
  6023.09      -710.628     0.0 1.0   0.00000    
  5993.96      -739.549     0.0 1.0   0.00000    
  5967.11      -760.204     0.0 1.0   0.00000    
  5937.97      -777.477     0.0 1.0   0.00000    
  5899.24      -793.510     0.0 1.0   0.00000    
  5860.09      -802.791     0.0 1.0   0.00000    
  5814.05      -805.507     0.0 1.0   0.00000    
  5767.33      -799.221     0.0 1.0   0.00000    
  5707.72      -776.617     0.0 1.0   0.00000    
  5668.27      -750.862     0.0 1.0   0.00000    
  5636.79      -722.315     0.0 1.0   0.00000    
  5599.84      -676.389     0.0 1.0   0.00000    
  5571.96      -630.275     0.0 1.0   0.00000    
  5552.54      -591.343     0.0 1.0   0.00000    
  5535.45      -552.646     0.0 1.0   0.00000    
  5522.34      -521.238     0.0 1.0   0.00000    
  5507.67      -485.751     0.0 1.0   0.00000    
  5491.98      -449.176     0.0 1.0   0.00000    
  5472.68      -407.905     0.0 1.0   0.00000    
  5444.07      -356.461     0.0 1.0   0.00000    
  5425.63      -327.428     0.0 1.0   0.00000    
  5406.12      -299.252     0.0 1.0   0.00000    
  5382.21      -268.012     0.0 1.0   0.00000    
  5355.57      -238.569     0.0 1.0   0.00000    
  5323.36      -210.371     0.0 1.0   0.00000    
  5288.75      -186.524     0.0 1.0   0.00000    
  5245.95      -164.145     0.0 1.0   0.00000    
  5199.90      -147.483     0.0 1.0   0.00000    
  5156.57      -138.040     0.0 1.0   0.00000    
  5111.02      -134.144     0.0 1.0   0.00000    
  5044.26      -139.214     0.0 1.0   0.00000    
  5001.91      -149.088     0.0 1.0   0.00000    
  4963.74      -162.667     0.0 1.0   0.00000    
  4923.02      -182.424     0.0 1.0   0.00000    
  4884.55      -206.604     0.0 1.0   0.00000    
  4832.51      -249.288     0.0 1.0   0.00000    
  4797.96      -284.843     0.0 1.0   0.00000    
  4770.38      -318.076     0.0 1.0   0.00000    
  4743.86      -354.621     0.0 1.0   0.00000    
  4720.30      -391.051     0.0 1.0   0.00000    
  4687.66      -447.752     0.0 1.0   0.00000    
  4658.66      -502.286     0.0 1.0   0.00000    
  4642.36      -533.286     0.0 1.0   0.00000    
  4612.68      -588.605     0.0 1.0   0.00000    
  4592.25      -623.934     0.0 1.0   0.00000    
  4571.39      -657.212     0.0 1.0   0.00000    
  4534.25      -709.505     0.0 1.0   0.00000    
  4508.12      -741.141     0.0 1.0   0.00000    
  4477.57      -773.731     0.0 1.0   0.00000    
  4450.49      -799.332     0.0 1.0   0.00000    
  4421.75      -823.808     0.0 1.0   0.00000    
  4382.31      -853.879     0.0 1.0   0.00000    
  4338.47      -884.054     0.0 1.0   0.00000    
  4309.00      -903.288     0.0 1.0   0.00000    
  4279.45      -922.182     0.0 1.0   0.00000    
  4241.90      -946.232     0.0 1.0   0.00000    
  4203.47      -971.688     0.0 1.0   0.00000    
  4150.84      -1009.10     0.0 1.0   0.00000    
  4122.82      -1030.70     0.0 1.0   0.00000    
  4095.62      -1052.86     0.0 1.0   0.00000    
  4058.64      -1084.68     0.0 1.0   0.00000    
  4021.45      -1117.86     0.0 1.0   0.00000    
  3987.67      -1147.73     0.0 1.0   0.00000    
  3949.48      -1179.57     0.0 1.0   0.00000    
  3899.27      -1215.74     0.0 1.0   0.00000    
  3857.14      -1239.00     0.0 1.0   0.00000    
  3807.38      -1257.62     0.0 1.0   0.00000    
  3767.16      -1265.16     0.0 1.0   0.00000    
  3725.17      -1265.51     0.0 1.0   0.00000    
  3674.84      -1254.32     0.0 1.0   0.00000    
  3628.41      -1228.52     0.0 1.0   0.00000    
  3588.05      -1181.78     0.0 1.0   0.00000    
  3570.48      -1128.52     0.0 1.0   0.00000    
  3572.97      -1077.74     0.0 1.0   0.00000    
  3586.38      -1040.17     0.0 1.0   0.00000    
  3620.08      -992.364     0.0 1.0   0.00000    
  3653.74      -958.502     0.0 1.0   0.00000    
  3689.48      -925.172     0.0 1.0   0.00000    
  3720.51      -892.377     0.0 1.0   0.00000    
  3742.86      -862.483     0.0 1.0   0.00000    
  3761.47      -828.390     0.0 1.0   0.00000    
  3777.85      -772.268     0.0 1.0   0.00000    
  3776.93      -712.063     0.0 1.0   0.00000    
  3764.05      -668.313     0.0 1.0   0.00000    
  3745.76      -633.762     0.0 1.0   0.00000    
  3720.06      -600.047     0.0 1.0   0.00000    
  3697.38      -576.337     0.0 1.0   0.00000    
  3656.49      -540.487     0.0 1.0   0.00000    
  3629.12      -517.298     0.0 1.0   0.00000    
  3599.76      -491.327     0.0 1.0   0.00000    
  3569.61      -461.417     0.0 1.0   0.00000    
  3539.43      -425.334     0.0 1.0   0.00000    
  3504.98      -369.808     0.0 1.0   0.00000    
  3486.55      -326.591     0.0 1.0   0.00000    
  3471.78      -273.956     0.0 1.0   0.00000    
  3462.33      -209.478     0.0 1.0   0.00000    
  3459.10      -150.338     0.0 1.0   0.00000    
  3458.70      -83.2407     0.0 1.0   0.00000    
  3458.69      -45.8439     0.0 1.0   0.00000    
  3458.39      -8.17417     0.0 1.0   0.00000    
  3457.25       33.1823     0.0 1.0   0.00000    
  3454.38       79.2043     0.0 1.0   0.00000    
  3448.22       131.923     0.0 1.0   0.00000    
  3435.69       194.826     0.0 1.0   0.00000    
  3422.91       237.955     0.0 1.0   0.00000    
  3406.37       280.202     0.0 1.0   0.00000    
  3381.74       327.957     0.0 1.0   0.00000    
  3349.05       375.231     0.0 1.0   0.00000    
  3312.80       414.424     0.0 1.0   0.00000    
  3271.34       447.739     0.0 1.0   0.00000    
  3228.72       472.364     0.0 1.0   0.00000    
  3181.58       490.439     0.0 1.0   0.00000    
  3137.09       499.735     0.0 1.0   0.00000    
  3088.81       501.801     0.0 1.0   0.00000    
  3027.22       492.209     0.0 1.0   0.00000    
  2992.58       480.580     0.0 1.0   0.00000    
  2959.60       464.593     0.0 1.0   0.00000    
  2907.92       426.877     0.0 1.0   0.00000    
  2865.98       378.535     0.0 1.0   0.00000    
  2836.41       322.232     0.0 1.0   0.00000    
  2824.85       282.492     0.0 1.0   0.00000    
  2818.66       221.986     0.0 1.0   0.00000    
  2820.09       182.456     0.0 1.0   0.00000    
  2824.33       146.853     0.0 1.0   0.00000    
  2835.62       90.2332     0.0 1.0   0.00000    
  2850.22       33.3052     0.0 1.0   0.00000    
  2865.94      -23.9972     0.0 1.0   0.00000    
  2881.33      -83.4917     0.0 1.0   0.00000    
  2894.94      -147.055     0.0 1.0   0.00000    
  2902.69      -197.624     0.0 1.0   0.00000    
  2907.59      -254.466     0.0 1.0   0.00000    
  2908.33      -292.018     0.0 1.0   0.00000    
  2906.91      -330.074     0.0 1.0   0.00000    
  2902.82      -370.631     0.0 1.0   0.00000    
  2895.91      -410.823     0.0 1.0   0.00000    
  2887.25      -446.082     0.0 1.0   0.00000    
  2875.61      -481.962     0.0 1.0   0.00000    
  2849.83      -539.772     0.0 1.0   0.00000    
  2830.91      -571.458     0.0 1.0   0.00000    
  2809.31      -601.030     0.0 1.0   0.00000    
  2779.11      -634.179     0.0 1.0   0.00000    
  2744.60      -663.560     0.0 1.0   0.00000    
  2698.88      -692.126     0.0 1.0   0.00000    
  2661.13      -708.458     0.0 1.0   0.00000    
  2621.87      -719.560     0.0 1.0   0.00000    
  2586.19      -724.821     0.0 1.0   0.00000    
  2549.06      -725.359     0.0 1.0   0.00000    
  2483.71      -712.914     0.0 1.0   0.00000    
  2438.08      -690.342     0.0 1.0   0.00000    
  2400.22      -658.533     0.0 1.0   0.00000    
  2363.95      -606.002     0.0 1.0   0.00000    
  2344.76      -548.667     0.0 1.0   0.00000    
  2340.62      -515.082     0.0 1.0   0.00000    
  2340.80      -481.254     0.0 1.0   0.00000    
  2352.38      -414.804     0.0 1.0   0.00000    
  2367.68      -368.151     0.0 1.0   0.00000    
  2383.99      -329.085     0.0 1.0   0.00000    
  2402.09      -290.722     0.0 1.0   0.00000    
  2421.61      -251.276     0.0 1.0   0.00000    
  2442.38      -208.400     0.0 1.0   0.00000    
  2461.31      -165.431     0.0 1.0   0.00000    
  2483.54      -103.335     0.0 1.0   0.00000    
  2494.89      -56.0440     0.0 1.0   0.00000    
  2500.93      -4.58692     0.0 1.0   0.00000    
  2497.77       60.1457     0.0 1.0   0.00000    
  2489.60       96.9727     0.0 1.0   0.00000    
  2475.95       132.693     0.0 1.0   0.00000    
  2442.43       179.881     0.0 1.0   0.00000    
  2393.86       224.823     0.0 1.0   0.00000    
  2362.54       247.620     0.0 1.0   0.00000    
  2327.90       264.955     0.0 1.0   0.00000    
  2291.41       273.729     0.0 1.0   0.00000    
  2255.49       276.275     0.0 1.0   0.00000    
  2215.26       273.046     0.0 1.0   0.00000    
  2176.94       263.890     0.0 1.0   0.00000    
  2125.60       241.555     0.0 1.0   0.00000    
  2086.98       217.946     0.0 1.0   0.00000    
  2055.42       195.281     0.0 1.0   0.00000    
  2023.07       170.069     0.0 1.0   0.00000    
  1993.64       146.668     0.0 1.0   0.00000    
  1944.27       108.726     0.0 1.0   0.00000    
  1894.56       75.5083     0.0 1.0   0.00000    
  1840.80       46.5063     0.0 1.0   0.00000    
  1782.51       23.1357     0.0 1.0   0.00000    
  1725.20       7.57833     0.0 1.0   0.00000    
  1690.35       1.27498     0.0 1.0   0.00000    
  1655.89      -2.85517     0.0 1.0   0.00000    
  1616.18      -5.29270     0.0 1.0   0.00000    
  1576.68      -5.59174     0.0 1.0   0.00000    
  1535.55      -4.02780     0.0 1.0   0.00000    
  1497.23      -1.22407     0.0 1.0   0.00000    
  1450.34       3.51959     0.0 1.0   0.00000    
  1406.39       8.74712     0.0 1.0   0.00000    
  1359.08       14.7643     0.0 1.0   0.00000    
  1311.13       20.8613     0.0 1.0   0.00000    
  1252.38       27.9415     0.0 1.0   0.00000    
  1217.52       31.7946     0.0 1.0   0.00000    
  1183.30       35.2988     0.0 1.0   0.00000    
  1144.15       38.9569     0.0 1.0   0.00000    
  1105.11       42.2323     0.0 1.0   0.00000    
  1041.74       46.7624     0.0 1.0   0.00000    
  980.359       50.2246     0.0 1.0   0.00000    
  920.670       52.6449     0.0 1.0   0.00000    
  862.445       53.9659     0.0 1.0   0.00000    
  805.496       54.0894     0.0 1.0   0.00000    
  749.663       52.9297     0.0 1.0   0.00000    
  694.775       50.4566     0.0 1.0   0.00000    
  640.665       46.7218     0.0 1.0   0.00000    
  587.188       41.8728     0.0 1.0   0.00000    
  534.134       36.1408     0.0 1.0   0.00000    
  481.022       29.7903     0.0 1.0   0.00000    
  427.015       23.0658     0.0 1.0   0.00000    
  371.108       16.2103     0.0 1.0   0.00000    
  313.185       9.67979     0.0 1.0   0.00000    
  255.484       4.38888     0.0 1.0   0.00000    
  201.064       1.18909     0.0 1.0   0.00000    
  150.000      0.805100E-02 0.0 1.0   0.00000    
  100.000      0.857100E-02 0.0 1.0   0.00000    
  50.0000      0.866970E-02 0.0 1.0   0.00000    
  0.00000      0.476670E-02 0.0 1.0   0.00000    
