 0.0000000000000000E+000 1630
 0.000000E+000  4.766700E-003
 5.000000E+001  8.669700E-003
 1.000000E+002  8.571000E-003
 1.500000E+002  8.051000E-003
 2.010640E+002  1.189090E+000
 2.554840E+002  4.388880E+000
 3.131850E+002  9.679790E+000
 3.711080E+002  1.621030E+001
 4.270150E+002  2.306580E+001
 4.810220E+002  2.979030E+001
 5.341340E+002  3.614080E+001
 5.871880E+002  4.187280E+001
 6.406650E+002  4.672180E+001
 6.947750E+002  5.045660E+001
 7.496630E+002  5.292970E+001
 8.054960E+002  5.408940E+001
 8.624450E+002  5.396590E+001
 9.206700E+002  5.264490E+001
 9.803590E+002  5.022460E+001
 1.041740E+003  4.676240E+001
 1.105110E+003  4.223230E+001
 1.144150E+003  3.895690E+001
 1.183300E+003  3.529880E+001
 1.217520E+003  3.179460E+001
 1.252380E+003  2.794150E+001
 1.311130E+003  2.086130E+001
 1.359080E+003  1.476430E+001
 1.406390E+003  8.747120E+000
 1.450340E+003  3.519590E+000
 1.497230E+003 -1.224070E+000
 1.535550E+003 -4.027800E+000
 1.576680E+003 -5.591740E+000
 1.616180E+003 -5.292700E+000
 1.655890E+003 -2.855170E+000
 1.690350E+003  1.274980E+000
 1.725200E+003  7.578330E+000
 1.782510E+003  2.313570E+001
 1.840800E+003  4.650630E+001
 1.894560E+003  7.550830E+001
 1.944270E+003  1.087260E+002
 1.993640E+003  1.466680E+002
 2.023070E+003  1.700690E+002
 2.055420E+003  1.952810E+002
 2.086980E+003  2.179460E+002
 2.125600E+003  2.415550E+002
 2.176940E+003  2.638900E+002
 2.215260E+003  2.730460E+002
 2.255490E+003  2.762750E+002
 2.291410E+003  2.737290E+002
 2.327900E+003  2.649550E+002
 2.362540E+003  2.476200E+002
 2.393860E+003  2.248230E+002
 2.442430E+003  1.798810E+002
 2.475950E+003  1.326930E+002
 2.489600E+003  9.697270E+001
 2.497770E+003  6.014570E+001
 2.500930E+003 -4.586920E+000
 2.494890E+003 -5.604400E+001
 2.483540E+003 -1.033350E+002
 2.461310E+003 -1.654310E+002
 2.442380E+003 -2.084000E+002
 2.421610E+003 -2.512760E+002
 2.402090E+003 -2.907220E+002
 2.383990E+003 -3.290850E+002
 2.367680E+003 -3.681510E+002
 2.352380E+003 -4.148040E+002
 2.340800E+003 -4.812540E+002
 2.340620E+003 -5.150820E+002
 2.344760E+003 -5.486670E+002
 2.363950E+003 -6.060020E+002
 2.400220E+003 -6.585330E+002
 2.438080E+003 -6.903420E+002
 2.483710E+003 -7.129140E+002
 2.549060E+003 -7.253590E+002
 2.586190E+003 -7.248210E+002
 2.621870E+003 -7.195600E+002
 2.661130E+003 -7.084580E+002
 2.698880E+003 -6.921260E+002
 2.744600E+003 -6.635600E+002
 2.779110E+003 -6.341790E+002
 2.809310E+003 -6.010300E+002
 2.830910E+003 -5.714580E+002
 2.849830E+003 -5.397720E+002
 2.875610E+003 -4.819620E+002
 2.887250E+003 -4.460820E+002
 2.895910E+003 -4.108230E+002
 2.902820E+003 -3.706310E+002
 2.906910E+003 -3.300740E+002
 2.908330E+003 -2.920180E+002
 2.907590E+003 -2.544660E+002
 2.902690E+003 -1.976240E+002
 2.894940E+003 -1.470550E+002
 2.881330E+003 -8.349170E+001
 2.865940E+003 -2.399720E+001
 2.850220E+003  3.330520E+001
 2.835620E+003  9.023320E+001
 2.824330E+003  1.468530E+002
 2.820090E+003  1.824560E+002
 2.818660E+003  2.219860E+002
 2.824850E+003  2.824920E+002
 2.836410E+003  3.222320E+002
 2.865980E+003  3.785350E+002
 2.907920E+003  4.268770E+002
 2.959600E+003  4.645930E+002
 2.992580E+003  4.805800E+002
 3.027220E+003  4.922090E+002
 3.088810E+003  5.018010E+002
 3.137090E+003  4.997350E+002
 3.181580E+003  4.904390E+002
 3.228720E+003  4.723640E+002
 3.271340E+003  4.477390E+002
 3.312800E+003  4.144240E+002
 3.349050E+003  3.752310E+002
 3.381740E+003  3.279570E+002
 3.406370E+003  2.802020E+002
 3.422910E+003  2.379550E+002
 3.435690E+003  1.948260E+002
 3.448220E+003  1.319230E+002
 3.454380E+003  7.920430E+001
 3.457250E+003  3.318230E+001
 3.458390E+003 -8.174170E+000
 3.458690E+003 -4.584390E+001
 3.458700E+003 -8.324070E+001
 3.459100E+003 -1.503380E+002
 3.462330E+003 -2.094780E+002
 3.471780E+003 -2.739560E+002
 3.486550E+003 -3.265910E+002
 3.504980E+003 -3.698080E+002
 3.539430E+003 -4.253340E+002
 3.569610E+003 -4.614170E+002
 3.599760E+003 -4.913270E+002
 3.629120E+003 -5.172980E+002
 3.656490E+003 -5.404870E+002
 3.697380E+003 -5.763370E+002
 3.720060E+003 -6.000470E+002
 3.745760E+003 -6.337620E+002
 3.764050E+003 -6.683130E+002
 3.776930E+003 -7.120630E+002
 3.777850E+003 -7.722680E+002
 3.761470E+003 -8.283900E+002
 3.742860E+003 -8.624830E+002
 3.720510E+003 -8.923770E+002
 3.689480E+003 -9.251720E+002
 3.653740E+003 -9.585020E+002
 3.620080E+003 -9.923640E+002
 3.586380E+003 -1.040170E+003
 3.572970E+003 -1.077740E+003
 3.570480E+003 -1.128520E+003
 3.588050E+003 -1.181780E+003
 3.628410E+003 -1.228520E+003
 3.674840E+003 -1.254320E+003
 3.725170E+003 -1.265510E+003
 3.767160E+003 -1.265160E+003
 3.807380E+003 -1.257620E+003
 3.857140E+003 -1.239000E+003
 3.899270E+003 -1.215740E+003
 3.949480E+003 -1.179570E+003
 3.987670E+003 -1.147730E+003
 4.021450E+003 -1.117860E+003
 4.058640E+003 -1.084680E+003
 4.095620E+003 -1.052860E+003
 4.122820E+003 -1.030700E+003
 4.150840E+003 -1.009100E+003
 4.203470E+003 -9.716880E+002
 4.241900E+003 -9.462320E+002
 4.279450E+003 -9.221820E+002
 4.309000E+003 -9.032880E+002
 4.338470E+003 -8.840540E+002
 4.382310E+003 -8.538790E+002
 4.421750E+003 -8.238080E+002
 4.450490E+003 -7.993320E+002
 4.477570E+003 -7.737310E+002
 4.508120E+003 -7.411410E+002
 4.534250E+003 -7.095050E+002
 4.571390E+003 -6.572120E+002
 4.592250E+003 -6.239340E+002
 4.612680E+003 -5.886050E+002
 4.642360E+003 -5.332860E+002
 4.658660E+003 -5.022860E+002
 4.687660E+003 -4.477520E+002
 4.720300E+003 -3.910510E+002
 4.743860E+003 -3.546210E+002
 4.770380E+003 -3.180760E+002
 4.797960E+003 -2.848430E+002
 4.832510E+003 -2.492880E+002
 4.884550E+003 -2.066040E+002
 4.923020E+003 -1.824240E+002
 4.963740E+003 -1.626670E+002
 5.001910E+003 -1.490880E+002
 5.044260E+003 -1.392140E+002
 5.111020E+003 -1.341440E+002
 5.156570E+003 -1.380400E+002
 5.199900E+003 -1.474830E+002
 5.245950E+003 -1.641450E+002
 5.288750E+003 -1.865240E+002
 5.323360E+003 -2.103710E+002
 5.355570E+003 -2.385690E+002
 5.382210E+003 -2.680120E+002
 5.406120E+003 -2.992520E+002
 5.425630E+003 -3.274280E+002
 5.444070E+003 -3.564610E+002
 5.472680E+003 -4.079050E+002
 5.491980E+003 -4.491760E+002
 5.507670E+003 -4.857510E+002
 5.522340E+003 -5.212380E+002
 5.535450E+003 -5.526460E+002
 5.552540E+003 -5.913430E+002
 5.571960E+003 -6.302750E+002
 5.599840E+003 -6.763890E+002
 5.636790E+003 -7.223150E+002
 5.668270E+003 -7.508620E+002
 5.707720E+003 -7.766170E+002
 5.767330E+003 -7.992210E+002
 5.814050E+003 -8.055070E+002
 5.860090E+003 -8.027910E+002
 5.899240E+003 -7.935100E+002
 5.937970E+003 -7.774770E+002
 5.967110E+003 -7.602040E+002
 5.993960E+003 -7.395490E+002
 6.023090E+003 -7.106280E+002
 6.047510E+003 -6.789690E+002
 6.065500E+003 -6.491040E+002
 6.080380E+003 -6.176130E+002
 6.095200E+003 -5.746040E+002
 6.104630E+003 -5.322240E+002
 6.109170E+003 -4.959200E+002
 6.110760E+003 -4.591920E+002
 6.107260E+003 -3.982500E+002
 6.096200E+003 -3.344620E+002
 6.086700E+003 -2.974790E+002
 6.075740E+003 -2.624920E+002
 6.061620E+003 -2.241220E+002
 6.045840E+003 -1.866140E+002
 6.029640E+003 -1.520080E+002
 6.012530E+003 -1.184720E+002
 5.982560E+003 -6.515950E+001
 5.950620E+003 -1.384880E+001
 5.915880E+003  3.703300E+001
 5.895120E+003  6.535060E+001
 5.873870E+003  9.285750E+001
 5.848910E+003  1.233530E+002
 5.822740E+003  1.533350E+002
 5.780110E+003  1.980280E+002
 5.736930E+003  2.382980E+002
 5.688040E+003  2.785360E+002
 5.660550E+003  2.987670E+002
 5.632250E+003  3.178620E+002
 5.589400E+003  3.435010E+002
 5.529310E+003  3.729540E+002
 5.467520E+003  3.954630E+002
 5.407020E+003  4.101280E+002
 5.352050E+003  4.173630E+002
 5.297870E+003  4.190210E+002
 5.231350E+003  4.138630E+002
 5.182260E+003  4.053240E+002
 5.122360E+003  3.899050E+002
 5.083770E+003  3.777080E+002
 5.038220E+003  3.616260E+002
 5.003100E+003  3.487210E+002
 4.961380E+003  3.335930E+002
 4.926770E+003  3.220450E+002
 4.886490E+003  3.105300E+002
 4.849810E+003  3.026260E+002
 4.809840E+003  2.974740E+002
 4.772250E+003  2.965330E+002
 4.731660E+003  3.003740E+002
 4.687060E+003  3.113530E+002
 4.643100E+003  3.306420E+002
 4.606600E+003  3.550260E+002
 4.572930E+003  3.872820E+002
 4.550830E+003  4.165080E+002
 4.532880E+003  4.486550E+002
 4.515990E+003  4.945720E+002
 4.507260E+003  5.421880E+002
 4.507440E+003  6.036310E+002
 4.512780E+003  6.378400E+002
 4.521540E+003  6.711280E+002
 4.538260E+003  7.143030E+002
 4.558670E+003  7.529720E+002
 4.578850E+003  7.836850E+002
 4.601620E+003  8.128210E+002
 4.643840E+003  8.567250E+002
 4.671830E+003  8.807700E+002
 4.701230E+003  9.026940E+002
 4.757930E+003  9.372640E+002
 4.793620E+003  9.547900E+002
 4.829070E+003  9.694210E+002
 4.878230E+003  9.856460E+002
 4.927270E+003  9.976780E+002
 4.961730E+003  1.003900E+003
 4.996350E+003  1.008440E+003
 5.047870E+003  1.012200E+003
 5.095900E+003  1.012760E+003
 5.137640E+003  1.011100E+003
 5.179340E+003  1.007530E+003
 5.215400E+003  1.002950E+003
 5.251480E+003  9.970230E+002
 5.304000E+003  9.859690E+002
 5.351710E+003  9.734050E+002
 5.401030E+003  9.578020E+002
 5.447990E+003  9.403670E+002
 5.489620E+003  9.227060E+002
 5.528980E+003  9.040320E+002
 5.559870E+003  8.880010E+002
 5.590160E+003  8.711000E+002
 5.626930E+003  8.490310E+002
 5.660640E+003  8.274100E+002
 5.690720E+003  8.071220E+002
 5.738710E+003  7.731780E+002
 5.776090E+003  7.461960E+002
 5.826670E+003  7.100770E+002
 5.869740E+003  6.813550E+002
 5.907760E+003  6.585960E+002
 5.951770E+003  6.361260E+002
 5.998980E+003  6.175100E+002
 6.056590E+003  6.032450E+002
 6.118710E+003  5.991660E+002
 6.153110E+003  6.024100E+002
 6.187010E+003  6.098000E+002
 6.238150E+003  6.300410E+002
 6.284100E+003  6.601940E+002
 6.319960E+003  6.953600E+002
 6.349400E+003  7.374240E+002
 6.373700E+003  7.925360E+002
 6.386330E+003  8.488030E+002
 6.389100E+003  8.991810E+002
 6.384780E+003  9.482920E+002
 6.376690E+003  9.872230E+002
 6.365120E+003  1.024390E+003
 6.347510E+003  1.066190E+003
 6.327000E+003  1.104390E+003
 6.299420E+003  1.146130E+003
 6.269440E+003  1.183820E+003
 6.241950E+003  1.213610E+003
 6.213110E+003  1.241190E+003
 6.176040E+003  1.272320E+003
 6.138750E+003  1.299740E+003
 6.089250E+003  1.331330E+003
 6.040020E+003  1.358480E+003
 5.998920E+003  1.378700E+003
 5.943150E+003  1.403600E+003
 5.890510E+003  1.425990E+003
 5.838930E+003  1.448700E+003
 5.795340E+003  1.470290E+003
 5.756030E+003  1.493370E+003
 5.708020E+003  1.529380E+003
 5.677310E+003  1.560780E+003
 5.648740E+003  1.601460E+003
 5.624250E+003  1.661600E+003
 5.618100E+003  1.722360E+003
 5.625120E+003  1.761660E+003
 5.638520E+003  1.798790E+003
 5.670610E+003  1.857450E+003
 5.709600E+003  1.902570E+003
 5.761030E+003  1.936620E+003
 5.815270E+003  1.957880E+003
 5.860050E+003  1.967140E+003
 5.904970E+003  1.970010E+003
 5.940480E+003  1.968260E+003
 5.975800E+003  1.963220E+003
 6.036740E+003  1.946860E+003
 6.087960E+003  1.925410E+003
 6.141190E+003  1.895140E+003
 6.170920E+003  1.874840E+003
 6.198910E+003  1.853480E+003
 6.229410E+003  1.827740E+003
 6.258920E+003  1.800560E+003
 6.306380E+003  1.752870E+003
 6.335140E+003  1.723780E+003
 6.376810E+003  1.683510E+003
 6.426860E+003  1.641890E+003
 6.457270E+003  1.621980E+003
 6.489820E+003  1.605470E+003
 6.525380E+003  1.593320E+003
 6.566930E+003  1.586890E+003
 6.624510E+003  1.592230E+003
 6.684120E+003  1.618650E+003
 6.731570E+003  1.664040E+003
 6.761770E+003  1.722810E+003
 6.772460E+003  1.781380E+003
 6.768320E+003  1.839460E+003
 6.747920E+003  1.903470E+003
 6.718740E+003  1.956070E+003
 6.679890E+003  2.006840E+003
 6.646650E+003  2.044090E+003
 6.623070E+003  2.069950E+003
 6.597410E+003  2.099430E+003
 6.577080E+003  2.125990E+003
 6.552520E+003  2.166630E+003
 6.537160E+003  2.207290E+003
 6.530630E+003  2.260830E+003
 6.542130E+003  2.319160E+003
 6.577730E+003  2.376010E+003
 6.626780E+003  2.413560E+003
 6.684890E+003  2.433820E+003
 6.751730E+003  2.436360E+003
 6.811110E+003  2.423300E+003
 6.856760E+003  2.403950E+003
 6.897000E+003  2.380110E+003
 6.947550E+003  2.340950E+003
 6.989530E+003  2.301830E+003
 7.033970E+003  2.255890E+003
 7.074130E+003  2.213380E+003
 7.102710E+003  2.184010E+003
 7.131740E+003  2.155570E+003
 7.156910E+003  2.132300E+003
 7.182910E+003  2.109650E+003
 7.228130E+003  2.073480E+003
 7.271520E+003  2.041900E+003
 7.308620E+003  2.016530E+003
 7.344620E+003  1.992710E+003
 7.384250E+003  1.966610E+003
 7.439660E+003  1.928810E+003
 7.491940E+003  1.889380E+003
 7.539640E+003  1.848170E+003
 7.564740E+003  1.823800E+003
 7.588780E+003  1.798360E+003
 7.627610E+003  1.752200E+003
 7.661140E+003  1.706670E+003
 7.684100E+003  1.672320E+003
 7.705460E+003  1.638020E+003
 7.731680E+003  1.593050E+003
 7.758880E+003  1.543600E+003
 7.778010E+003  1.507550E+003
 7.798180E+003  1.468640E+003
 7.819010E+003  1.427660E+003
 7.839050E+003  1.387510E+003
 7.859760E+003  1.345060E+003
 7.885370E+003  1.290840E+003
 7.909690E+003  1.236600E+003
 7.927350E+003  1.194720E+003
 7.947000E+003  1.144790E+003
 7.961700E+003  1.104420E+003
 7.977340E+003  1.058050E+003
 7.990590E+003  1.015630E+003
 8.004840E+003  9.669840E+002
 8.018400E+003  9.189380E+002
 8.034410E+003  8.629000E+002
 8.050480E+003  8.116500E+002
 8.071020E+003  7.561810E+002
 8.098040E+003  6.991880E+002
 8.117960E+003  6.663970E+002
 8.142030E+003  6.340330E+002
 8.166990E+003  6.068860E+002
 8.196270E+003  5.814220E+002
 8.245250E+003  5.505010E+002
 8.300260E+003  5.293640E+002
 8.353860E+003  5.200510E+002
 8.408680E+003  5.208440E+002
 8.454570E+003  5.293210E+002
 8.499540E+003  5.448520E+002
 8.556070E+003  5.758330E+002
 8.603420E+003  6.136090E+002
 8.639730E+003  6.521150E+002
 8.670710E+003  6.939150E+002
 8.702600E+003  7.496110E+002
 8.726990E+003  8.057930E+002
 8.738230E+003  8.379450E+002
 8.747910E+003  8.705240E+002
 8.760990E+003  9.258190E+002
 8.769260E+003  9.718220E+002
 8.774850E+003  1.011530E+003
 8.779770E+003  1.056220E+003
 8.784890E+003  1.117680E+003
 8.787540E+003  1.152520E+003
 8.791390E+003  1.200800E+003
 8.794760E+003  1.234850E+003
 8.800260E+003  1.277430E+003
 8.808420E+003  1.321920E+003
 8.824070E+003  1.378700E+003
 8.843960E+003  1.426140E+003
 8.874080E+003  1.474990E+003
 8.915120E+003  1.519060E+003
 8.971330E+003  1.556090E+003
 9.031420E+003  1.576160E+003
 9.079160E+003  1.580930E+003
 9.125390E+003  1.576900E+003
 9.164320E+003  1.566440E+003
 9.218230E+003  1.536730E+003
 9.266190E+003  1.501740E+003
 9.308520E+003  1.462030E+003
 9.343810E+003  1.408640E+003
 9.362930E+003  1.368130E+003
 9.376950E+003  1.327530E+003
 9.385760E+003  1.291030E+003
 9.391470E+003  1.253430E+003
 9.394100E+003  1.190370E+003
 9.389200E+003  1.130350E+003
 9.377020E+003  1.069310E+003
 9.359820E+003  1.014210E+003
 9.341220E+003  9.690840E+002
 9.319510E+003  9.260680E+002
 9.301520E+003  8.953790E+002
 9.282130E+003  8.659020E+002
 9.257920E+003  8.330570E+002
 9.232410E+003  8.021220E+002
 9.189530E+003  7.566460E+002
 9.145780E+003  7.165910E+002
 9.116620E+003  6.926670E+002
 9.086680E+003  6.700510E+002
 9.033020E+003  6.337390E+002
 8.996710E+003  6.117040E+002
 8.961150E+003  5.918480E+002
 8.908980E+003  5.654250E+002
 8.867790E+003  5.465010E+002
 8.830820E+003  5.307710E+002
 8.796360E+003  5.170320E+002
 8.746820E+003  4.985910E+002
 8.705770E+003  4.841160E+002
 8.674480E+003  4.733530E+002
 8.635490E+003  4.600140E+002
 8.604490E+003  4.491710E+002
 8.571920E+003  4.372850E+002
 8.525160E+003  4.187000E+002
 8.469940E+003  3.927100E+002
 8.430250E+003  3.693870E+002
 8.387770E+003  3.378860E+002
 8.362790E+003  3.144540E+002
 8.340160E+003  2.884270E+002
 8.312850E+003  2.467060E+002
 8.292900E+003  1.999470E+002
 8.282280E+003  1.526540E+002
 8.280450E+003  1.027670E+002
 8.287250E+003  5.600810E+001
 8.302400E+003  1.010870E+001
 8.329690E+003 -3.948320E+001
 8.365740E+003 -8.310180E+001
 8.414900E+003 -1.239860E+002
 8.467870E+003 -1.541140E+002
 8.517300E+003 -1.732680E+002
 8.568330E+003 -1.859470E+002
 8.634470E+003 -1.934100E+002
 8.701700E+003 -1.920820E+002
 8.768350E+003 -1.826870E+002
 8.812030E+003 -1.723230E+002
 8.847280E+003 -1.615000E+002
 8.881690E+003 -1.487570E+002
 8.923800E+003 -1.301080E+002
 8.963570E+003 -1.092380E+002
 8.993340E+003 -9.142740E+001
 9.022280E+003 -7.220490E+001
 9.068380E+003 -3.744530E+001
 9.105030E+003 -6.112840E+000
 9.135980E+003  2.286360E+001
 9.165160E+003  5.210840E+001
 9.206890E+003  9.661580E+001
 9.246620E+003  1.400380E+002
 9.289190E+003  1.851190E+002
 9.337550E+003  2.312010E+002
 9.390450E+003  2.726350E+002
 9.438560E+003  3.014890E+002
 9.496990E+003  3.260570E+002
 9.533080E+003  3.359060E+002
 9.569650E+003  3.420920E+002
 9.612790E+003  3.448130E+002
 9.677370E+003  3.403990E+002
 9.725790E+003  3.317590E+002
 9.770850E+003  3.208410E+002
 9.803250E+003  3.123200E+002
 9.834830E+003  3.042320E+002
 9.872950E+003  2.958250E+002
 9.910000E+003  2.904260E+002
 9.957550E+003  2.892060E+002
 9.995050E+003  2.944450E+002
 1.003540E+004  3.079650E+002
 1.007990E+004  3.368030E+002
 1.010620E+004  3.661010E+002
 1.012650E+004  4.008580E+002
 1.014550E+004  4.655360E+002
 1.014600E+004  5.295110E+002
 1.012750E+004  5.927330E+002
 1.009650E+004  6.461390E+002
 1.007320E+004  6.743670E+002
 1.004710E+004  6.995110E+002
 9.996940E+003  7.365140E+002
 9.966270E+003  7.546560E+002
 9.935240E+003  7.706450E+002
 9.881890E+003  7.943120E+002
 9.835980E+003  8.132120E+002
 9.800040E+003  8.285170E+002
 9.762770E+003  8.461010E+002
 9.718180E+003  8.716670E+002
 9.672400E+003  9.077600E+002
 9.645930E+003  9.376740E+002
 9.622170E+003  9.767380E+002
 9.608690E+003  1.013360E+003
 9.602170E+003  1.053560E+003
 9.605020E+003  1.101470E+003
 9.621030E+003  1.151130E+003
 9.659080E+003  1.206240E+003
 9.684410E+003  1.230200E+003
 9.712340E+003  1.250450E+003
 9.745620E+003  1.268780E+003
 9.780390E+003  1.282550E+003
 9.827970E+003  1.294170E+003
 9.884660E+003  1.299560E+003
 9.951220E+003  1.297590E+003
 1.000600E+004  1.293080E+003
 1.005660E+004  1.290500E+003
 1.009320E+004  1.292740E+003
 1.012960E+004  1.298400E+003
 1.016500E+004  1.307900E+003
 1.020120E+004  1.326560E+003
 1.023540E+004  1.356390E+003
 1.026000E+004  1.391410E+003
 1.027880E+004  1.430040E+003
 1.031120E+004  1.466600E+003
 1.034590E+004  1.482220E+003
 1.038680E+004  1.477710E+003
 1.041960E+004  1.427710E+003
 1.043910E+004  1.366620E+003
 1.044600E+004  1.332050E+003
 1.045110E+004  1.298220E+003
 1.046010E+004  1.235420E+003
 1.047100E+004  1.178100E+003
 1.048030E+004  1.143730E+003
 1.049330E+004  1.107020E+003
 1.052320E+004  1.048360E+003
 1.056120E+004  9.987470E+002
 1.060540E+004  9.584090E+002
 1.065160E+004  9.284420E+002
 1.069620E+004  9.078750E+002
 1.073960E+004  8.940810E+002
 1.077780E+004  8.861670E+002
 1.081630E+004  8.815080E+002
 1.088020E+004  8.796410E+002
 1.091640E+004  8.800860E+002
 1.095160E+004  8.807790E+002
 1.101620E+004  8.804990E+002
 1.107410E+004  8.733750E+002
 1.111250E+004  8.619690E+002
 1.114730E+004  8.450630E+002
 1.118250E+004  8.185230E+002
 1.120820E+004  7.889120E+002
 1.122850E+004  7.522070E+002
 1.124260E+004  6.959410E+002
 1.124000E+004  6.375330E+002
 1.122380E+004  5.865290E+002
 1.119640E+004  5.406960E+002
 1.117120E+004  5.118210E+002
 1.114230E+004  4.867760E+002
 1.108760E+004  4.533840E+002
 1.104610E+004  4.355820E+002
 1.100650E+004  4.226310E+002
 1.094140E+004  4.068270E+002
 1.090540E+004  3.984580E+002
 1.086980E+004  3.896890E+002
 1.080610E+004  3.709880E+002
 1.075210E+004  3.475460E+002
 1.071240E+004  3.190140E+002
 1.067230E+004  2.687040E+002
 1.065720E+004  2.316600E+002
 1.065060E+004  1.913520E+002
 1.065460E+004  1.444440E+002
 1.067130E+004  9.793790E+001
 1.070780E+004  4.767650E+001
 1.075560E+004  1.080680E+001
 1.080090E+004 -9.911700E+000
 1.084750E+004 -2.168150E+001
 1.090790E+004 -2.607800E+001
 1.095990E+004 -2.234110E+001
 1.100420E+004 -1.499530E+001
 1.104430E+004 -6.075830E+000
 1.108240E+004  3.357620E+000
 1.112010E+004  1.255800E+001
 1.116270E+004  2.128760E+001
 1.120350E+004  2.613750E+001
 1.125270E+004  2.542880E+001
 1.130860E+004  1.281000E+001
 1.135520E+004 -1.128870E+001
 1.139690E+004 -4.980520E+001
 1.142440E+004 -9.359550E+001
 1.144110E+004 -1.433560E+002
 1.144620E+004 -1.780910E+002
 1.144730E+004 -2.128940E+002
 1.144320E+004 -2.661960E+002
 1.143510E+004 -3.243910E+002
 1.143150E+004 -3.740860E+002
 1.143680E+004 -4.257730E+002
 1.145450E+004 -4.696450E+002
 1.148850E+004 -5.077370E+002
 1.154970E+004 -5.335410E+002
 1.159440E+004 -5.353500E+002
 1.163630E+004 -5.261590E+002
 1.168100E+004 -5.038860E+002
 1.172100E+004 -4.687330E+002
 1.175680E+004 -4.121530E+002
 1.177450E+004 -3.553070E+002
 1.177990E+004 -2.957810E+002
 1.177580E+004 -2.430050E+002
 1.176510E+004 -1.914900E+002
 1.175000E+004 -1.428020E+002
 1.173770E+004 -1.104310E+002
 1.172440E+004 -7.887790E+001
 1.170380E+004 -3.414900E+001
 1.167760E+004  2.100750E+001
 1.166000E+004  6.120660E+001
 1.164480E+004  1.016600E+002
 1.163460E+004  1.353230E+002
 1.162680E+004  1.704140E+002
 1.162070E+004  2.352400E+002
 1.162700E+004  2.950280E+002
 1.164550E+004  3.495870E+002
 1.166850E+004  3.881060E+002
 1.169890E+004  4.220820E+002
 1.173140E+004  4.470670E+002
 1.176880E+004  4.665010E+002
 1.180450E+004  4.781700E+002
 1.184210E+004  4.844240E+002
 1.189620E+004  4.837920E+002
 1.194640E+004  4.735830E+002
 1.198860E+004  4.575960E+002
 1.202850E+004  4.356880E+002
 1.207860E+004  3.971310E+002
 1.211860E+004  3.558070E+002
 1.215620E+004  3.062110E+002
 1.218230E+004  2.656470E+002
 1.220170E+004  2.328920E+002
 1.221980E+004  2.014170E+002
 1.223760E+004  1.710280E+002
 1.225580E+004  1.421810E+002
 1.227680E+004  1.125450E+002
 1.230830E+004  7.628650E+001
 1.233540E+004  5.260580E+001
 1.236890E+004  3.183890E+001
 1.242530E+004  1.572300E+001
 1.248860E+004  1.219000E+001
 1.252430E+004  1.585030E+001
 1.255920E+004  2.672080E+001
 1.260710E+004  6.377370E+001
 1.263060E+004  8.989690E+001
 1.265090E+004  1.178770E+002
 1.267110E+004  1.522070E+002
 1.268630E+004  1.895280E+002
 1.269490E+004  2.330860E+002
 1.269680E+004  2.758590E+002
 1.268850E+004  3.414010E+002
 1.267650E+004  3.854200E+002
 1.266200E+004  4.241700E+002
 1.263980E+004  4.724080E+002
 1.261970E+004  5.115360E+002
 1.260090E+004  5.468380E+002
 1.258440E+004  5.789730E+002
 1.256140E+004  6.298010E+002
 1.254340E+004  6.886850E+002
 1.253830E+004  7.283000E+002
 1.254010E+004  7.748880E+002
 1.255800E+004  8.364780E+002
 1.257700E+004  8.696400E+002
 1.260220E+004  8.991470E+002
 1.262970E+004  9.218170E+002
 1.266100E+004  9.399110E+002
 1.271120E+004  9.570920E+002
 1.276040E+004  9.630650E+002
 1.280160E+004  9.612300E+002
 1.284220E+004  9.538990E+002
 1.290470E+004  9.325230E+002
 1.294670E+004  9.126290E+002
 1.298330E+004  8.925110E+002
 1.301930E+004  8.711920E+002
 1.305560E+004  8.495600E+002
 1.309210E+004  8.288540E+002
 1.313120E+004  8.089180E+002
 1.316660E+004  7.934430E+002
 1.320550E+004  7.792370E+002
 1.324400E+004  7.677820E+002
 1.328110E+004  7.584990E+002
 1.333330E+004  7.469550E+002
 1.338780E+004  7.334130E+002
 1.344050E+004  7.145510E+002
 1.348410E+004  6.906430E+002
 1.352300E+004  6.583660E+002
 1.354720E+004  6.294600E+002
 1.356720E+004  5.958150E+002
 1.358050E+004  5.630730E+002
 1.358980E+004  5.285220E+002
 1.359710E+004  4.676240E+002
 1.359830E+004  4.069180E+002
 1.360000E+004  3.479550E+002
 1.360810E+004  2.919970E+002
 1.362870E+004  2.344870E+002
 1.365820E+004  1.903100E+002
 1.369860E+004  1.537560E+002
 1.374060E+004  1.302290E+002
 1.378570E+004  1.153570E+002
 1.382620E+004  1.086690E+002
 1.386690E+004  1.069760E+002
 1.392980E+004  1.123380E+002
 1.398360E+004  1.222630E+002
 1.403330E+004  1.343190E+002
 1.409450E+004  1.515130E+002
 1.413010E+004  1.621930E+002
 1.416410E+004  1.727190E+002
 1.420240E+004  1.849030E+002
 1.424220E+004  1.978320E+002
 1.427590E+004  2.089580E+002
 1.431170E+004  2.208260E+002
 1.434480E+004  2.316730E+002
 1.438190E+004  2.433500E+002
 1.441720E+004  2.536570E+002
 1.445770E+004  2.638680E+002
 1.449230E+004  2.706590E+002
 1.452990E+004  2.755300E+002
 1.459370E+004  2.765260E+002
 1.464940E+004  2.677340E+002
 1.470550E+004  2.475000E+002
 1.475170E+004  2.195360E+002
 1.479060E+004  1.845820E+002
 1.481970E+004  1.479130E+002
 1.484320E+004  1.064760E+002
 1.485680E+004  7.337380E+001
 1.486690E+004  3.939460E+001
 1.487450E+004  2.214480E-001
 1.487860E+004 -3.875210E+001
 1.487900E+004 -1.051080E+002
 1.487370E+004 -1.634290E+002
 1.486390E+004 -2.208820E+002
 1.485040E+004 -2.754870E+002
 1.483500E+004 -3.232940E+002
 1.481590E+004 -3.709450E+002
 1.479940E+004 -4.052860E+002
 1.478040E+004 -4.390970E+002
 1.476130E+004 -4.684060E+002
 1.474020E+004 -4.967230E+002
 1.470420E+004 -5.370820E+002
 1.466570E+004 -5.718460E+002
 1.463380E+004 -5.951710E+002
 1.458110E+004 -6.247870E+002
 1.452780E+004 -6.491380E+002
 1.447450E+004 -6.688280E+002
 1.442050E+004 -6.831600E+002
 1.437380E+004 -6.931420E+002
 1.431360E+004 -7.043380E+002
 1.426020E+004 -7.148480E+002
 1.422790E+004 -7.225190E+002
 1.419240E+004 -7.327670E+002
 1.414470E+004 -7.510320E+002
 1.408930E+004 -7.825990E+002
 1.405470E+004 -8.124920E+002
 1.402800E+004 -8.449020E+002
 1.400690E+004 -8.814970E+002
 1.399340E+004 -9.155290E+002
 1.398440E+004 -9.522540E+002
 1.398100E+004 -1.014190E+003
 1.398950E+004 -1.065670E+003
 1.400750E+004 -1.113450E+003
 1.404180E+004 -1.167070E+003
 1.406750E+004 -1.195100E+003
 1.409530E+004 -1.219050E+003
 1.412870E+004 -1.241560E+003
 1.416320E+004 -1.259620E+003
 1.420300E+004 -1.275260E+003
 1.424480E+004 -1.286760E+003
 1.430290E+004 -1.295610E+003
 1.434470E+004 -1.297480E+003
 1.438540E+004 -1.295960E+003
 1.442120E+004 -1.291970E+003
 1.445650E+004 -1.285590E+003
 1.449520E+004 -1.275630E+003
 1.455220E+004 -1.254800E+003
 1.460590E+004 -1.230450E+003
 1.465660E+004 -1.202980E+003
 1.471010E+004 -1.166360E+003
 1.475030E+004 -1.133820E+003
 1.478610E+004 -1.100780E+003
 1.481500E+004 -1.070880E+003
 1.484190E+004 -1.040000E+003
 1.487200E+004 -1.001750E+003
 1.489890E+004 -9.636000E+002
 1.492030E+004 -9.298710E+002
 1.494060E+004 -8.946020E+002
 1.496980E+004 -8.364170E+002
 1.498440E+004 -8.031630E+002
 1.499740E+004 -7.700620E+002
 1.501080E+004 -7.317630E+002
 1.502250E+004 -6.931920E+002
 1.503780E+004 -6.316830E+002
 1.504880E+004 -5.725160E+002
 1.505410E+004 -5.354440E+002
 1.505830E+004 -4.983210E+002
 1.506280E+004 -4.334120E+002
 1.506420E+004 -3.898220E+002
 1.506430E+004 -3.472390E+002
 1.506350E+004 -3.127090E+002
 1.506210E+004 -2.782690E+002
 1.505950E+004 -2.384600E+002
 1.505610E+004 -1.993120E+002
 1.504890E+004 -1.368100E+002
 1.504310E+004 -9.680990E+001
 1.503650E+004 -5.738680E+001
 1.503020E+004 -2.354030E+001
 1.502310E+004  1.028460E+001
 1.500980E+004  6.719090E+001
 1.500000E+004  1.046070E+002
 1.498970E+004  1.409860E+002
 1.497750E+004  1.813940E+002
 1.496030E+004  2.348030E+002
 1.494670E+004  2.747210E+002
 1.492940E+004  3.243710E+002
 1.491000E+004  3.798950E+002
 1.489810E+004  4.148050E+002
 1.488610E+004  4.515010E+002
 1.487240E+004  4.971650E+002
 1.485890E+004  5.495020E+002
 1.484960E+004  5.956350E+002
 1.484470E+004  6.298420E+002
 1.484160E+004  6.650750E+002
 1.484160E+004  7.302570E+002
 1.485020E+004  7.916940E+002
 1.486030E+004  8.293900E+002
 1.487440E+004  8.662790E+002
 1.489880E+004  9.119020E+002
 1.493200E+004  9.558320E+002
 1.498100E+004  1.000690E+003
 1.501600E+004  1.023460E+003
 1.505260E+004  1.041240E+003
 1.510010E+004  1.056810E+003
 1.514790E+004  1.065250E+003
 1.520060E+004  1.067040E+003
 1.525240E+004  1.061660E+003
 1.529750E+004  1.051350E+003
 1.534020E+004  1.036750E+003
 1.537620E+004  1.020710E+003
 1.541120E+004  1.001730E+003
 1.546270E+004  9.671710E+002
 1.550820E+004  9.296160E+002
 1.555170E+004  8.868360E+002
 1.559000E+004  8.427080E+002
 1.562590E+004  7.948960E+002
 1.565830E+004  7.450840E+002
 1.567750E+004  7.117330E+002
 1.569500E+004  6.781790E+002
 1.571670E+004  6.308150E+002
 1.573480E+004  5.850150E+002
 1.574890E+004  5.431230E+002
 1.576080E+004  5.009770E+002
 1.577190E+004  4.517760E+002
 1.578030E+004  4.017240E+002
 1.578710E+004  3.355190E+002
 1.578900E+004  2.741290E+002
 1.578840E+004  2.402500E+002
 1.578660E+004  2.064110E+002
 1.577960E+004  1.394020E+002
 1.577240E+004  9.374800E+001
 1.576400E+004  5.157460E+001
 1.575300E+004  5.232030E+000
 1.573770E+004 -5.044730E+001
 1.571850E+004 -1.122390E+002
 1.570290E+004 -1.599130E+002
 1.568360E+004 -2.187880E+002
 1.567230E+004 -2.555050E+002
 1.566120E+004 -2.955020E+002
 1.565210E+004 -3.341970E+002
 1.564450E+004 -3.786950E+002
 1.564050E+004 -4.223300E+002
 1.564110E+004 -4.718340E+002
 1.564610E+004 -5.104320E+002
 1.565560E+004 -5.492530E+002
 1.566770E+004 -5.819170E+002
 1.568360E+004 -6.136130E+002
 1.572130E+004 -6.651380E+002
 1.577100E+004 -7.084240E+002
 1.580700E+004 -7.297970E+002
 1.584390E+004 -7.455560E+002
 1.588770E+004 -7.577630E+002
 1.593270E+004 -7.643330E+002
 1.597560E+004 -7.659650E+002
 1.601490E+004 -7.644390E+002
 1.606840E+004 -7.595220E+002
 1.613320E+004 -7.544510E+002
 1.619490E+004 -7.554940E+002
 1.625320E+004 -7.675890E+002
 1.629620E+004 -7.905970E+002
 1.633280E+004 -8.273260E+002
 1.635860E+004 -8.801510E+002
 1.636550E+004 -9.213900E+002
 1.636310E+004 -9.636940E+002
 1.634380E+004 -1.024900E+003
 1.631870E+004 -1.070330E+003
 1.628520E+004 -1.117630E+003
 1.625540E+004 -1.160610E+003
 1.623150E+004 -1.208100E+003
 1.622260E+004 -1.246910E+003
 1.622800E+004 -1.305430E+003
 1.626240E+004 -1.363350E+003
 1.629420E+004 -1.388440E+003
 1.633130E+004 -1.404470E+003
 1.638440E+004 -1.411410E+003
 1.643570E+004 -1.403790E+003
 1.647240E+004 -1.390180E+003
 1.650610E+004 -1.371320E+003
 1.655660E+004 -1.330370E+003
 1.659480E+004 -1.289520E+003
 1.662730E+004 -1.249310E+003
 1.665510E+004 -1.213410E+003
 1.667900E+004 -1.183190E+003
 1.670310E+004 -1.154410E+003
 1.674660E+004 -1.108170E+003
 1.677320E+004 -1.084020E+003
 1.680430E+004 -1.059380E+003
 1.683850E+004 -1.036120E+003
 1.688030E+004 -1.012470E+003
 1.692780E+004 -9.910800E+002
 1.698410E+004 -9.723060E+002
 1.702450E+004 -9.629670E+002
 1.706490E+004 -9.570000E+002
 1.710650E+004 -9.544560E+002
 1.714310E+004 -9.554570E+002
 1.718110E+004 -9.599990E+002
 1.724290E+004 -9.760690E+002
 1.727980E+004 -9.921210E+002
 1.731490E+004 -1.013110E+003
 1.734290E+004 -1.035040E+003
 1.736820E+004 -1.060360E+003
 1.739620E+004 -1.097370E+003
 1.741750E+004 -1.136730E+003
 1.743120E+004 -1.172770E+003
 1.744070E+004 -1.211110E+003
 1.744680E+004 -1.276480E+003
 1.744530E+004 -1.314460E+003
 1.744070E+004 -1.351210E+003
 1.742780E+004 -1.407990E+003
 1.740990E+004 -1.462580E+003
 1.739290E+004 -1.505800E+003
 1.737310E+004 -1.551560E+003
 1.735360E+004 -1.595190E+003
 1.733220E+004 -1.644990E+003
 1.731100E+004 -1.701310E+003
 1.730100E+004 -1.733160E+003
 1.729190E+004 -1.768380E+003
 1.728070E+004 -1.831450E+003
 1.727700E+004 -1.866590E+003
 1.727490E+004 -1.904290E+003
 1.727410E+004 -1.951500E+003
 1.727410E+004 -1.998390E+003
 1.727340E+004 -2.031540E+003
 1.726830E+004 -2.097390E+003
 1.725970E+004 -2.137420E+003
 1.724360E+004 -2.180200E+003
 1.722090E+004 -2.217740E+003
 1.718800E+004 -2.252930E+003
 1.715010E+004 -2.278440E+003
 1.710500E+004 -2.295770E+003
 1.704760E+004 -2.302610E+003
 1.699230E+004 -2.295470E+003
 1.694810E+004 -2.280370E+003
 1.690710E+004 -2.258410E+003
 1.687940E+004 -2.238690E+003
 1.685360E+004 -2.216600E+003
 1.682150E+004 -2.183950E+003
 1.679530E+004 -2.153110E+003
 1.675990E+004 -2.106230E+003
 1.673190E+004 -2.067740E+003
 1.670330E+004 -2.030300E+003
 1.667820E+004 -2.000890E+003
 1.664950E+004 -1.972370E+003
 1.660580E+004 -1.939140E+003
 1.656080E+004 -1.917040E+003
 1.650250E+004 -1.903960E+003
 1.646020E+004 -1.904740E+003
 1.641820E+004 -1.914350E+003
 1.637230E+004 -1.936620E+003
 1.633090E+004 -1.971530E+003
 1.629310E+004 -2.027220E+003
 1.627250E+004 -2.089610E+003
 1.626770E+004 -2.148350E+003
 1.627420E+004 -2.204050E+003
 1.628580E+004 -2.245760E+003
 1.630210E+004 -2.284900E+003
 1.631920E+004 -2.316350E+003
 1.633890E+004 -2.346140E+003
 1.637250E+004 -2.387020E+003
 1.640770E+004 -2.421800E+003
 1.645540E+004 -2.460310E+003
 1.650070E+004 -2.490440E+003
 1.654730E+004 -2.516680E+003
 1.659330E+004 -2.539060E+003
 1.662700E+004 -2.553700E+003
 1.666070E+004 -2.567090E+003
 1.671750E+004 -2.587380E+003
 1.677950E+004 -2.607240E+003
 1.681700E+004 -2.618470E+003
 1.685320E+004 -2.628860E+003
 1.689400E+004 -2.640240E+003
 1.693610E+004 -2.651610E+003
 1.699650E+004 -2.667340E+003
 1.703050E+004 -2.675750E+003
 1.706440E+004 -2.683740E+003
 1.710510E+004 -2.692590E+003
 1.714770E+004 -2.700700E+003
 1.720920E+004 -2.709560E+003
 1.727060E+004 -2.713660E+003
 1.733680E+004 -2.711060E+003
 1.737050E+004 -2.706220E+003
 1.740360E+004 -2.698750E+003
 1.744420E+004 -2.685410E+003
 1.748260E+004 -2.667680E+003
 1.752360E+004 -2.641900E+003
 1.756300E+004 -2.608280E+003
 1.758700E+004 -2.581870E+003
 1.760820E+004 -2.552940E+003
 1.763620E+004 -2.501480E+003
 1.765510E+004 -2.449340E+003
 1.766500E+004 -2.405400E+003
 1.767030E+004 -2.360750E+003
 1.767070E+004 -2.295290E+003
 1.766480E+004 -2.237340E+003
 1.765500E+004 -2.183660E+003
 1.764420E+004 -2.138420E+003
 1.763260E+004 -2.096100E+003
 1.762270E+004 -2.062630E+003
 1.761210E+004 -2.027660E+003
 1.759520E+004 -1.971360E+003
 1.757970E+004 -1.914130E+003
 1.756710E+004 -1.855260E+003
 1.756160E+004 -1.818070E+003
 1.755800E+004 -1.772750E+003
 1.755970E+004 -1.705620E+003
 1.756590E+004 -1.663050E+003
 1.757730E+004 -1.619170E+003
 1.760140E+004 -1.560580E+003
 1.762000E+004 -1.528680E+003
 1.764180E+004 -1.498910E+003
 1.767670E+004 -1.462110E+003
 1.770490E+004 -1.438830E+003
 1.773570E+004 -1.418370E+003
 1.779520E+004 -1.389730E+003
 1.785570E+004 -1.372090E+003
 1.789060E+004 -1.366450E+003
 1.792580E+004 -1.363850E+003
 1.799310E+004 -1.367050E+003
 1.805530E+004 -1.378840E+003
 1.810420E+004 -1.393320E+003
 1.816350E+004 -1.415740E+003
 1.822500E+004 -1.440880E+003
 1.825660E+004 -1.452270E+003
 1.828830E+004 -1.461830E+003
 1.832610E+004 -1.469740E+003
 1.837600E+004 -1.472790E+003
 1.843450E+004 -1.462550E+003
 1.846870E+004 -1.447450E+003
 1.850100E+004 -1.424480E+003
 1.854270E+004 -1.371490E+003
 1.855630E+004 -1.339540E+003
 1.856420E+004 -1.305920E+003
 1.856650E+004 -1.259660E+003
 1.856050E+004 -1.215840E+003
 1.854220E+004 -1.159980E+003
 1.852280E+004 -1.118520E+003
 1.850490E+004 -1.084460E+003
 1.848730E+004 -1.050890E+003
 1.847220E+004 -1.018250E+003
 1.845940E+004 -9.781430E+002
 1.845470E+004 -9.330950E+002
 1.845980E+004 -8.965070E+002
 1.847620E+004 -8.568800E+002
 1.851170E+004 -8.160080E+002
 1.856450E+004 -7.879480E+002
 1.861800E+004 -7.800770E+002
 1.867050E+004 -7.880550E+002
 1.871200E+004 -8.053800E+002
 1.874850E+004 -8.301100E+002
 1.878820E+004 -8.704210E+002
 1.881670E+004 -9.120560E+002
 1.883950E+004 -9.570120E+002
 1.885590E+004 -9.978700E+002
 1.887540E+004 -1.057570E+003
 1.888590E+004 -1.089750E+003
 1.889910E+004 -1.126940E+003
 1.891550E+004 -1.165200E+003
 1.894650E+004 -1.217810E+003
 1.899040E+004 -1.263800E+003
 1.902920E+004 -1.288370E+003
 1.907710E+004 -1.304910E+003
 1.911420E+004 -1.309310E+003
 1.915260E+004 -1.306780E+003
 1.921190E+004 -1.288350E+003
 1.926220E+004 -1.256190E+003
 1.929870E+004 -1.219310E+003
 1.932650E+004 -1.178360E+003
 1.934510E+004 -1.139280E+003
 1.935830E+004 -1.099490E+003
 1.936730E+004 -1.054940E+003
 1.937140E+004 -1.011360E+003
 1.937140E+004 -9.722810E+002
 1.936820E+004 -9.329420E+002
 1.935710E+004 -8.716170E+002
 1.934010E+004 -8.150290E+002
 1.932190E+004 -7.702090E+002
 1.930060E+004 -7.283340E+002
 1.928020E+004 -6.946830E+002
 1.925760E+004 -6.626710E+002
 1.922610E+004 -6.246910E+002
 1.919380E+004 -5.916390E+002
 1.916310E+004 -5.645500E+002
 1.913130E+004 -5.399870E+002
 1.909160E+004 -5.133650E+002
 1.905300E+004 -4.909080E+002
 1.900900E+004 -4.686970E+002
 1.896680E+004 -4.499660E+002
 1.892190E+004 -4.322660E+002
 1.887690E+004 -4.162270E+002
 1.882370E+004 -3.987980E+002
 1.877320E+004 -3.831980E+002
 1.871020E+004 -3.643450E+002
 1.865230E+004 -3.471110E+002
 1.861900E+004 -3.370120E+002
 1.858420E+004 -3.263090E+002
 1.853000E+004 -3.091630E+002
 1.847600E+004 -2.911570E+002
 1.841870E+004 -2.706460E+002
 1.837850E+004 -2.548630E+002
 1.833590E+004 -2.364360E+002
 1.829420E+004 -2.160360E+002
 1.824730E+004 -1.890630E+002
 1.819580E+004 -1.520280E+002
 1.816330E+004 -1.220660E+002
 1.813420E+004 -8.831540E+001
 1.811170E+004 -5.446350E+001
 1.809260E+004 -1.560940E+001
 1.807920E+004  2.592270E+001
 1.807190E+004  6.915330E+001
 1.807070E+004  1.073950E+002
 1.807460E+004  1.468080E+002
 1.809130E+004  2.088160E+002
 1.811560E+004  2.591710E+002
 1.814570E+004  3.022630E+002
 1.817450E+004  3.335330E+002
 1.820630E+004  3.611500E+002
 1.825200E+004  3.920390E+002
 1.829650E+004  4.150790E+002
 1.834420E+004  4.339990E+002
 1.838900E+004  4.477910E+002
 1.843210E+004  4.584310E+002
 1.847220E+004  4.668630E+002
 1.851010E+004  4.742460E+002
 1.854830E+004  4.819090E+002
 1.858880E+004  4.912220E+002
 1.864000E+004  5.065050E+002
 1.867820E+004  5.223550E+002
 1.872000E+004  5.463220E+002
 1.875930E+004  5.788650E+002
 1.879590E+004  6.261680E+002
 1.881910E+004  6.815700E+002
 1.882650E+004  7.300960E+002
 1.882320E+004  7.786430E+002
 1.881200E+004  8.201300E+002
 1.879360E+004  8.591230E+002
 1.877140E+004  8.912740E+002
 1.874500E+004  9.197840E+002
 1.870980E+004  9.480000E+002
 1.867270E+004  9.698330E+002
 1.862990E+004  9.877470E+002
 1.858680E+004  9.995530E+002
 1.853950E+004  1.006580E+003
 1.849040E+004  1.008080E+003
 1.842510E+004  1.001740E+003
 1.837690E+004  9.913140E+002
 1.833260E+004  9.774470E+002
 1.829690E+004  9.632660E+002
 1.826250E+004  9.469560E+002
 1.821820E+004  9.219550E+002
 1.817820E+004  8.952980E+002
 1.814950E+004  8.737190E+002
 1.812170E+004  8.508290E+002
 1.807300E+004  8.055270E+002
 1.802900E+004  7.596130E+002
 1.799400E+004  7.207640E+002
 1.796040E+004  6.827540E+002
 1.793790E+004  6.578940E+002
 1.790940E+004  6.277260E+002
 1.787600E+004  5.955400E+002
 1.782660E+004  5.557840E+002
 1.777190E+004  5.239810E+002
 1.773130E+004  5.085890E+002
 1.768760E+004  4.992170E+002
 1.764760E+004  4.970510E+002
 1.760480E+004  5.016090E+002
 1.757090E+004  5.106590E+002
 1.753830E+004  5.244220E+002
 1.749980E+004  5.484990E+002
 1.746680E+004  5.781210E+002
 1.743620E+004  6.172890E+002
 1.741330E+004  6.602400E+002
 1.739950E+004  6.997450E+002
 1.739080E+004  7.418010E+002
 1.738810E+004  8.081310E+002
 1.739270E+004  8.502600E+002
 1.740150E+004  8.896860E+002
 1.741780E+004  9.370850E+002
 1.743670E+004  9.766880E+002
 1.745950E+004  1.014090E+003
 1.749500E+004  1.060090E+003
 1.753390E+004  1.099960E+003
 1.758380E+004  1.140620E+003
 1.763350E+004  1.173070E+003
 1.767480E+004  1.195490E+003
 1.771650E+004  1.214820E+003
 1.777780E+004  1.238280E+003
 1.783420E+004  1.255740E+003
 1.788000E+004  1.267530E+003
 1.792370E+004  1.277100E+003
 1.798080E+004  1.287390E+003
 1.803440E+004  1.295130E+003
 1.809460E+004  1.301950E+003
 1.815250E+004  1.306990E+003
 1.820380E+004  1.310500E+003
 1.825560E+004  1.313410E+003
 1.829780E+004  1.315540E+003
 1.834160E+004  1.317690E+003
 1.840180E+004  1.320840E+003
 1.846570E+004  1.324900E+003
 1.849960E+004  1.327480E+003
 1.853350E+004  1.330380E+003
 1.858170E+004  1.335030E+003
 1.862500E+004  1.339610E+003
 1.867210E+004  1.344750E+003
 1.873390E+004  1.351100E+003
 1.877000E+004  1.353940E+003
 1.880710E+004  1.355830E+003
 1.885180E+004  1.356180E+003
 1.890130E+004  1.353200E+003
 1.893570E+004  1.348380E+003
 1.897070E+004  1.340700E+003
 1.903400E+004  1.318180E+003
 1.906490E+004  1.301800E+003
 1.909400E+004  1.282240E+003
 1.912990E+004  1.250820E+003
 1.916030E+004  1.214770E+003
 1.918240E+004  1.179810E+003
 1.919990E+004  1.142180E+003
 1.921470E+004  1.095120E+003
 1.922290E+004  1.047250E+003
 1.922500E+004  9.853740E+002
 1.922060E+004  9.328520E+002
 1.921330E+004  8.893990E+002
 1.920400E+004  8.486120E+002
 1.919070E+004  8.003500E+002
 1.917670E+004  7.539120E+002
 1.916670E+004  7.213440E+002
 1.915710E+004  6.885730E+002
 1.914660E+004  6.490110E+002
 1.913760E+004  6.073890E+002
 1.913010E+004  5.542670E+002
 1.912840E+004  5.024720E+002
 1.913490E+004  4.414220E+002
 1.914290E+004  4.084730E+002
 1.915410E+004  3.764760E+002
 1.917330E+004  3.376980E+002
 1.919790E+004  3.013960E+002
 1.923940E+004  2.579550E+002
 1.927230E+004  2.330030E+002
 1.930720E+004  2.125400E+002
 1.933870E+004  1.982740E+002
 1.937150E+004  1.868230E+002
 1.943190E+004  1.732790E+002
 1.948910E+004  1.681480E+002
 1.954370E+004  1.692710E+002
 1.960070E+004  1.761280E+002
 1.964340E+004  1.847530E+002
 1.968440E+004  1.956680E+002
 1.971960E+004  2.069710E+002
 1.975470E+004  2.198630E+002
 1.981580E+004  2.457090E+002
 1.985080E+004  2.614760E+002
 1.988390E+004  2.764900E+002
 1.993340E+004  2.975720E+002
 1.996660E+004  3.091080E+002
 2.000230E+004  3.182170E+002
 2.004200E+004  3.232260E+002
 2.010030E+004  3.186430E+002
 2.014140E+004  3.040580E+002
 2.018150E+004  2.767090E+002
 2.021830E+004  2.288930E+002
 2.023750E+004  1.679490E+002
 2.023730E+004  1.143360E+002
 2.022490E+004  6.584130E+001
 2.020630E+004  2.621390E+001
 2.018400E+004 -8.275870E+000
 2.015920E+004 -4.020240E+001
 2.013420E+004 -7.001420E+001
 2.011290E+004 -9.583320E+001
 2.009330E+004 -1.218780E+002
 2.006360E+004 -1.722680E+002
 2.005380E+004 -2.046340E+002
 2.005400E+004 -2.629310E+002
 2.008490E+004 -3.118130E+002
 2.013470E+004 -3.544910E+002
 2.016780E+004 -3.754260E+002
 2.020500E+004 -3.890440E+002
 2.026260E+004 -3.872490E+002
 2.031310E+004 -3.733940E+002
 2.036050E+004 -3.502700E+002
 2.039920E+004 -3.242580E+002
 2.043540E+004 -2.946200E+002
 2.046810E+004 -2.644100E+002
 2.050030E+004 -2.324270E+002
 2.052680E+004 -2.050930E+002
 2.055270E+004 -1.780980E+002
 2.058350E+004 -1.461190E+002
 2.061340E+004 -1.151470E+002
 2.065350E+004 -7.374440E+001
 2.069090E+004 -3.436650E+001
 2.071880E+004 -3.732660E+000
 2.074560E+004  2.744410E+001
 2.078420E+004  7.668710E+001
 2.082120E+004  1.313900E+002
 2.085070E+004  1.828550E+002
 2.087640E+004  2.351530E+002
 2.089680E+004  2.818600E+002
 2.091420E+004  3.248030E+002
 2.093110E+004  3.677090E+002
 2.094420E+004  3.999600E+002
 2.097070E+004  4.609860E+002
 2.099400E+004  5.056310E+002
 2.102160E+004  5.489080E+002
 2.105860E+004  5.940450E+002
 2.110490E+004  6.348410E+002
 2.113590E+004  6.546790E+002
 2.117010E+004  6.710600E+002
 2.123480E+004  6.887280E+002
 2.128880E+004  6.914420E+002
 2.134070E+004  6.840460E+002
 2.138500E+004  6.695230E+002
 2.142660E+004  6.479770E+002
 2.145980E+004  6.240460E+002
 2.148940E+004  5.962370E+002
 2.151830E+004  5.609360E+002
 2.154170E+004  5.230720E+002
 2.155860E+004  4.871950E+002
 2.157170E+004  4.501750E+002
 2.158220E+004  4.060670E+002
 2.158810E+004  3.623370E+002
 2.158990E+004  3.245150E+002
 2.158880E+004  2.866530E+002
 2.158260E+004  2.329010E+002
 2.157190E+004  1.819330E+002
 2.155210E+004  1.179530E+002
 2.153160E+004  6.705020E+001
 2.150810E+004  1.776960E+001
 2.148670E+004 -2.256960E+001
 2.146660E+004 -5.792930E+001
 2.144770E+004 -9.018220E+001
 2.143120E+004 -1.182990E+002
 2.140980E+004 -1.554390E+002
 2.138770E+004 -1.967950E+002
 2.136120E+004 -2.566700E+002
 2.134880E+004 -2.985100E+002
 2.134270E+004 -3.323100E+002
 2.134020E+004 -3.672980E+002
 2.134500E+004 -4.305130E+002
 2.136180E+004 -4.874190E+002
 2.138610E+004 -5.302670E+002
 2.141920E+004 -5.676090E+002
 2.146860E+004 -6.024060E+002
 2.152410E+004 -6.255940E+002
 2.156320E+004 -6.445600E+002
 2.159940E+004 -6.686150E+002
 2.162340E+004 -6.930860E+002
 2.163570E+004 -7.320760E+002
 2.162390E+004 -7.885200E+002
 2.159540E+004 -8.370840E+002
 2.156050E+004 -8.815290E+002
 2.153060E+004 -9.233570E+002
 2.151510E+004 -9.536200E+002
 2.150380E+004 -9.897830E+002
 2.149990E+004 -1.023610E+003
 2.150290E+004 -1.060890E+003
 2.152700E+004 -1.123600E+003
 2.156780E+004 -1.172540E+003
 2.161490E+004 -1.206030E+003
 2.166010E+004 -1.226880E+003
 2.170600E+004 -1.240760E+003
 2.176170E+004 -1.250470E+003
 2.181380E+004 -1.254150E+003
 2.185640E+004 -1.253920E+003
 2.189790E+004 -1.251220E+003
 2.195750E+004 -1.243490E+003
 2.201170E+004 -1.233310E+003
 2.204950E+004 -1.224970E+003
 2.208770E+004 -1.215910E+003
 2.212430E+004 -1.207090E+003
 2.216580E+004 -1.197520E+003
 2.220820E+004 -1.189020E+003
 2.225110E+004 -1.182480E+003
 2.230720E+004 -1.178250E+003
 2.236400E+004 -1.180390E+003
 2.241110E+004 -1.187990E+003
 2.246320E+004 -1.203260E+003
 2.249730E+004 -1.217390E+003
 2.252990E+004 -1.234110E+003
 2.258310E+004 -1.267860E+003
 2.262050E+004 -1.294300E+003
 2.265690E+004 -1.319990E+003
 2.268450E+004 -1.337810E+003
 2.272960E+004 -1.361780E+003
 2.277000E+004 -1.375710E+003
 2.282250E+004 -1.382370E+003
 2.285770E+004 -1.378840E+003
 2.289280E+004 -1.368150E+003
 2.293900E+004 -1.339930E+003
 2.297460E+004 -1.300180E+003
 2.299600E+004 -1.258410E+003
 2.300790E+004 -1.212380E+003
 2.301040E+004 -1.174640E+003
 2.300720E+004 -1.136990E+003
 2.299300E+004 -1.082580E+003
 2.297210E+004 -1.036280E+003
 2.294130E+004 -9.884400E+002
 2.290890E+004 -9.492670E+002
 2.288230E+004 -9.215470E+002
 2.285580E+004 -8.964350E+002
 2.281530E+004 -8.607950E+002
 2.278180E+004 -8.313370E+002
 2.275730E+004 -8.085980E+002
 2.272880E+004 -7.792540E+002
 2.270220E+004 -7.466230E+002
 2.267530E+004 -7.026160E+002
 2.265440E+004 -6.423480E+002
 2.265030E+004 -5.964510E+002
 2.265700E+004 -5.481330E+002
 2.267410E+004 -5.041220E+002
 2.270300E+004 -4.625730E+002
 2.273010E+004 -4.370420E+002
 2.276140E+004 -4.160530E+002
 2.282380E+004 -3.917510E+002
 2.287680E+004 -3.834190E+002
 2.292360E+004 -3.828910E+002
 2.298940E+004 -3.898580E+002
 2.304640E+004 -3.970310E+002
 2.309630E+004 -3.971950E+002
 2.315660E+004 -3.779230E+002
 2.320680E+004 -3.434620E+002
 2.322850E+004 -3.136910E+002
 2.324340E+004 -2.793680E+002
 2.325480E+004 -2.162340E+002
 2.324640E+004 -1.552640E+002
 2.321640E+004 -1.006180E+002
 2.319410E+004 -7.388350E+001
 2.316970E+004 -4.974110E+001
 2.312650E+004 -1.222470E+001
 2.308970E+004  2.351860E+001
 2.306900E+004  5.186960E+001
 2.305300E+004  8.620390E+001
 2.304610E+004  1.185890E+002
 2.305680E+004  1.851030E+002
 2.308010E+004  2.233320E+002
 2.311360E+004  2.532460E+002
 2.316090E+004  2.749340E+002
 2.321380E+004  2.823520E+002
 2.327540E+004  2.737230E+002
 2.332270E+004  2.557890E+002
 2.336200E+004  2.334200E+002
 2.340030E+004  2.053520E+002
 2.343340E+004  1.768730E+002
 2.345980E+004  1.523110E+002
 2.348490E+004  1.281440E+002
 2.352710E+004  8.772360E+001
 2.355310E+004  6.429270E+001
 2.358000E+004  4.177720E+001
 2.363150E+004  3.697310E+000
 2.368200E+004 -2.754970E+001
 2.374060E+004 -5.798180E+001
 2.378110E+004 -7.678120E+001
 2.382070E+004 -9.431330E+001
 2.385540E+004 -1.095980E+002
 2.389070E+004 -1.256560E+002
 2.392770E+004 -1.436500E+002
 2.396480E+004 -1.634580E+002
 2.399680E+004 -1.825720E+002
 2.402970E+004 -2.045160E+002
 2.408210E+004 -2.457500E+002
 2.413030E+004 -2.926610E+002
 2.417310E+004 -3.444960E+002
 2.419690E+004 -3.795010E+002
 2.421850E+004 -4.167440E+002
 2.424320E+004 -4.698650E+002
 2.426190E+004 -5.260610E+002
 2.427270E+004 -5.770450E+002
 2.427760E+004 -6.295610E+002
 2.427700E+004 -6.712650E+002
 2.427230E+004 -7.131200E+002
 2.425990E+004 -7.670160E+002
 2.424210E+004 -8.160680E+002
 2.422080E+004 -8.597840E+002
 2.418610E+004 -9.152220E+002
 2.414890E+004 -9.647580E+002
 2.411240E+004 -1.009460E+003
 2.407870E+004 -1.051700E+003
 2.405920E+004 -1.078500E+003
 2.403910E+004 -1.109990E+003
 2.401180E+004 -1.165880E+003
 2.400140E+004 -1.200760E+003
 2.399560E+004 -1.238600E+003
 2.399680E+004 -1.285080E+003
 2.400920E+004 -1.335490E+003
 2.402440E+004 -1.367830E+003
 2.404480E+004 -1.397450E+003
 2.408060E+004 -1.432480E+003
 2.412250E+004 -1.458670E+003
 2.417550E+004 -1.477430E+003
 2.422880E+004 -1.484430E+003
 2.427450E+004 -1.482480E+003
 2.432000E+004 -1.473720E+003
 2.435270E+004 -1.463270E+003
 2.438410E+004 -1.449850E+003
 2.441950E+004 -1.430620E+003
 2.445220E+004 -1.408630E+003
 2.450180E+004 -1.365970E+003
 2.453970E+004 -1.324020E+003
 2.457100E+004 -1.281180E+003
 2.459270E+004 -1.245580E+003
 2.461150E+004 -1.208840E+003
 2.462560E+004 -1.176620E+003
 2.463790E+004 -1.143680E+003
 2.465210E+004 -1.096340E+003
 2.466240E+004 -1.051010E+003
 2.466870E+004 -1.013090E+003
 2.467310E+004 -9.747160E+002
 2.467640E+004 -9.142820E+002
 2.467560E+004 -8.564570E+002
 2.467020E+004 -7.896130E+002
 2.466130E+004 -7.291460E+002
 2.464840E+004 -6.681780E+002
 2.463410E+004 -6.175810E+002
 2.461090E+004 -5.555140E+002
 2.458840E+004 -5.120020E+002
 2.455960E+004 -4.725980E+002
 2.451790E+004 -4.383640E+002
 2.447240E+004 -4.065150E+002
 5.0000000000006585E+003 1443
 0.000000E+000  4.766700E-003
 5.000000E+001  8.669700E-003
 1.000000E+002  8.571000E-003
 1.500000E+002  8.051000E-003
 2.015951E+002 -2.454138E+000
 2.586874E+002 -7.531506E+000
 3.218819E+002 -1.270206E+001
 3.862083E+002 -1.483318E+001
 4.470428E+002 -1.356055E+001
 5.040834E+002 -1.018632E+001
 5.591579E+002 -5.853458E+000
 6.138822E+002 -1.303083E+000
 6.691810E+002  2.912144E+000
 7.255097E+002  6.274653E+000
 7.832070E+002  8.261351E+000
 8.425922E+002  8.364051E+000
 9.039289E+002  6.124439E+000
 9.673919E+002  1.157686E+000
 1.006636E+003 -3.259500E+000
 1.045828E+003 -8.663859E+000
 1.080057E+003 -1.414638E+001
 1.114835E+003 -2.038159E+001
 1.173120E+003 -3.212654E+001
 1.219899E+003 -4.222689E+001
 1.266287E+003 -5.233687E+001
 1.309266E+003 -6.122872E+001
 1.355402E+003 -6.962965E+001
 1.393522E+003 -7.512063E+001
 1.454990E+003 -8.040553E+001
 1.515584E+003 -7.994980E+001
 1.553249E+003 -7.628827E+001
 1.590916E+003 -6.980452E+001
 1.623772E+003 -6.167695E+001
 1.656030E+003 -5.128207E+001
 1.712496E+003 -2.668140E+001
 1.768750E+003  7.228472E+000
 1.795923E+003  2.748101E+001
 1.821779E+003  4.932841E+001
 1.850534E+003  7.670728E+001
 1.877257E+003  1.050953E+002
 1.899637E+003  1.308539E+002
 1.921240E+003  1.571540E+002
 1.957256E+003  2.032407E+002
 1.986002E+003  2.400022E+002
 2.016871E+003  2.776774E+002
 2.049453E+003  3.137646E+002
 2.090079E+003  3.522688E+002
 2.131761E+003  3.839180E+002
 2.182489E+003  4.126806E+002
 2.219365E+003  4.275296E+002
 2.257817E+003  4.381779E+002
 2.303803E+003  4.449577E+002
 2.352187E+003  4.455856E+002
 2.392833E+003  4.412927E+002
 2.432957E+003  4.329642E+002
 2.477787E+003  4.191684E+002
 2.524321E+003  4.004841E+002
 2.570691E+003  3.785565E+002
 2.603619E+003  3.619586E+002
 2.639673E+003  3.435749E+002
 2.673621E+003  3.268485E+002
 2.712954E+003  3.089064E+002
 2.751719E+003  2.932997E+002
 2.805068E+003  2.754758E+002
 2.837191E+003  2.665476E+002
 2.871344E+003  2.582349E+002
 2.915284E+003  2.486239E+002
 2.965176E+003  2.374787E+002
 3.007061E+003  2.257850E+002
 3.053866E+003  2.076182E+002
 3.099180E+003  1.807690E+002
 3.129516E+003  1.537673E+002
 3.155570E+003  1.193257E+002
 3.172519E+003  8.311820E+001
 3.185361E+003  2.419379E+001
 3.207521E+003 -3.328501E+001
 3.235761E+003 -5.720770E+001
 3.286822E+003 -6.168737E+001
 3.342296E+003 -2.537527E+001
 3.384812E+003  2.234094E+001
 3.407133E+003  5.814078E+001
 3.426349E+003  9.967660E+001
 3.442604E+003  1.553504E+002
 3.447541E+003  2.226374E+002
 3.436882E+003  2.849832E+002
 3.411382E+003  3.446105E+002
 3.373009E+003  3.978235E+002
 3.334305E+003  4.356624E+002
 3.299721E+003  4.628445E+002
 3.266790E+003  4.857837E+002
 3.239273E+003  5.044220E+002
 3.201846E+003  5.311691E+002
 3.165562E+003  5.629634E+002
 3.136409E+003  5.986464E+002
 3.111108E+003  6.516325E+002
 3.103222E+003  7.111537E+002
 3.116104E+003  7.730602E+002
 3.145836E+003  8.241115E+002
 3.188214E+003  8.641200E+002
 3.228429E+003  8.874771E+002
 3.271870E+003  9.029444E+002
 3.336961E+003  9.124043E+002
 3.390996E+003  9.106472E+002
 3.440894E+003  9.024221E+002
 3.476479E+003  8.930986E+002
 3.511071E+003  8.814218E+002
 3.570460E+003  8.555474E+002
 3.626192E+003  8.250406E+002
 3.674909E+003  7.935368E+002
 3.714773E+003  7.643326E+002
 3.751631E+003  7.344384E+002
 3.780594E+003  7.088795E+002
 3.808654E+003  6.822532E+002
 3.832701E+003  6.578712E+002
 3.855982E+003  6.327858E+002
 3.884180E+003  6.002860E+002
 3.910232E+003  5.680035E+002
 3.931637E+003  5.396913E+002
 3.952383E+003  5.105391E+002
 3.986381E+003  4.585873E+002
 4.016079E+003  4.081094E+002
 4.038822E+003  3.653792E+002
 4.059116E+003  3.234093E+002
 4.075752E+003  2.854941E+002
 4.091322E+003  2.462289E+002
 4.111437E+003  1.879492E+002
 4.127658E+003  1.321891E+002
 4.140266E+003  8.273209E+001
 4.152191E+003  3.413018E+001
 4.168830E+003 -2.513723E+001
 4.181114E+003 -5.633813E+001
 4.208384E+003 -1.044020E+002
 4.233595E+003 -1.312903E+002
 4.266027E+003 -1.530943E+002
 4.303746E+003 -1.679526E+002
 4.337956E+003 -1.750163E+002
 4.373551E+003 -1.764860E+002
 4.435733E+003 -1.638244E+002
 4.467579E+003 -1.469260E+002
 4.495554E+003 -1.244903E+002
 4.534731E+003 -7.516360E+001
 4.560449E+003 -1.947007E+001
 4.574032E+003  2.588130E+001
 4.584344E+003  6.863692E+001
 4.594777E+003  1.087861E+002
 4.605754E+003  1.407388E+002
 4.624668E+003  1.791229E+002
 4.644880E+003  2.065290E+002
 4.675206E+003  2.339712E+002
 4.706674E+003  2.517673E+002
 4.743666E+003  2.631440E+002
 4.807601E+003  2.639094E+002
 4.863911E+003  2.470090E+002
 4.920879E+003  2.123452E+002
 4.950328E+003  1.882491E+002
 4.979506E+003  1.610090E+002
 5.006777E+003  1.345566E+002
 5.041450E+003  1.029169E+002
 5.083927E+003  7.185347E+001
 5.140988E+003  4.579990E+001
 5.187007E+003  3.722058E+001
 5.235254E+003  3.924277E+001
 5.278999E+003  5.112037E+001
 5.321426E+003  7.318265E+001
 5.351152E+003  9.642299E+001
 5.377093E+003  1.239314E+002
 5.407007E+003  1.687734E+002
 5.428148E+003  2.159782E+002
 5.444829E+003  2.763041E+002
 5.453328E+003  3.312687E+002
 5.457464E+003  3.779592E+002
 5.459969E+003  4.171687E+002
 5.462251E+003  4.506737E+002
 5.466248E+003  4.917511E+002
 5.474870E+003  5.410203E+002
 5.487061E+003  5.802363E+002
 5.510244E+003  6.255127E+002
 5.548630E+003  6.675617E+002
 5.583696E+003  6.874118E+002
 5.622476E+003  6.995676E+002
 5.656203E+003  7.052343E+002
 5.690575E+003  7.062015E+002
 5.750089E+003  6.949151E+002
 5.790248E+003  6.734538E+002
 5.823365E+003  6.451669E+002
 5.848052E+003  6.147841E+002
 5.867859E+003  5.802292E+002
 5.888331E+003  5.201147E+002
 5.896143E+003  4.612687E+002
 5.895713E+003  4.190472E+002
 5.890867E+003  3.779468E+002
 5.874809E+003  3.130906E+002
 5.858215E+003  2.681729E+002
 5.839244E+003  2.271194E+002
 5.806416E+003  1.692920E+002
 5.778201E+003  1.269146E+002
 5.751595E+003  9.076831E+001
 5.716938E+003  4.724616E+001
 5.684810E+003  8.650661E+000
 5.660809E+003 -2.011968E+001
 5.628019E+003 -6.057976E+001
 5.608500E+003 -8.658396E+001
 5.578105E+003 -1.320964E+002
 5.559487E+003 -1.663954E+002
 5.543646E+003 -2.038402E+002
 5.531984E+003 -2.446574E+002
 5.526759E+003 -2.823421E+002
 5.527703E+003 -3.233529E+002
 5.536009E+003 -3.631044E+002
 5.550670E+003 -4.010849E+002
 5.567269E+003 -4.318313E+002
 5.587684E+003 -4.608359E+002
 5.631053E+003 -5.038814E+002
 5.687502E+003 -5.347200E+002
 5.746430E+003 -5.496579E+002
 5.799156E+003 -5.511816E+002
 5.849443E+003 -5.430512E+002
 5.897747E+003 -5.264875E+002
 5.941391E+003 -5.035815E+002
 5.975015E+003 -4.800164E+002
 6.006151E+003 -4.526449E+002
 6.049370E+003 -4.030758E+002
 6.071823E+003 -3.704436E+002
 6.090771E+003 -3.377568E+002
 6.110610E+003 -2.965885E+002
 6.126878E+003 -2.554787E+002
 6.146260E+003 -1.935945E+002
 6.159142E+003 -1.450133E+002
 6.170879E+003 -1.000912E+002
 6.181142E+003 -6.612995E+001
 6.194728E+003 -3.085231E+001
 6.211341E+003  7.825172E-001
 6.231933E+003  3.084337E+001
 6.275795E+003  7.758200E+001
 6.324333E+003  1.085749E+002
 6.370222E+003  1.206316E+002
 6.418613E+003  1.201010E+002
 6.473766E+003  1.033973E+002
 6.521981E+003  7.141937E+001
 6.557028E+003  3.307869E+001
 6.581899E+003 -7.088800E+000
 6.600497E+003 -4.935351E+001
 6.613440E+003 -8.753623E+001
 6.626404E+003 -1.313311E+002
 6.638343E+003 -1.676224E+002
 6.660299E+003 -2.165795E+002
 6.682641E+003 -2.477608E+002
 6.723408E+003 -2.818027E+002
 6.757631E+003 -2.963158E+002
 6.798464E+003 -3.017271E+002
 6.864054E+003 -2.858719E+002
 6.898738E+003 -2.649817E+002
 6.927219E+003 -2.388311E+002
 6.953491E+003 -2.037403E+002
 6.973168E+003 -1.650569E+002
 6.988834E+003 -1.176452E+002
 6.998765E+003 -7.493742E+001
 7.006382E+003 -3.960038E+001
 7.014802E+003 -6.676236E+000
 7.026344E+003  2.612251E+001
 7.044373E+003  6.053512E+001
 7.078600E+003  1.003069E+002
 7.114383E+003  1.247386E+002
 7.155234E+003  1.406911E+002
 7.192258E+003  1.478677E+002
 7.228652E+003  1.502075E+002
 7.287652E+003  1.478149E+002
 7.335358E+003  1.468247E+002
 7.389391E+003  1.535662E+002
 7.441151E+003  1.752854E+002
 7.479974E+003  2.094447E+002
 7.510232E+003  2.627625E+002
 7.521702E+003  3.058759E+002
 7.525863E+003  3.578173E+002
 7.525659E+003  3.947048E+002
 7.524626E+003  4.391930E+002
 7.527842E+003  4.819200E+002
 7.534927E+003  5.241883E+002
 7.543056E+003  5.569854E+002
 7.567554E+003  6.031846E+002
 7.604468E+003  6.457569E+002
 7.648489E+003  6.795748E+002
 7.701757E+003  7.083102E+002
 7.754631E+003  7.301073E+002
 7.799034E+003  7.458349E+002
 7.846853E+003  7.613010E+002
 7.894858E+003  7.754506E+002
 7.948319E+003  7.886340E+002
 8.004040E+003  7.973196E+002
 8.043223E+003  7.988392E+002
 8.084068E+003  7.955127E+002
 8.119434E+003  7.877578E+002
 8.155317E+003  7.743104E+002
 8.210778E+003  7.386886E+002
 8.245052E+003  7.022688E+002
 8.263659E+003  6.738347E+002
 8.278486E+003  6.432272E+002
 8.296750E+003  5.806303E+002
 8.302746E+003  5.180559E+002
 8.298412E+003  4.516875E+002
 8.290694E+003  4.063044E+002
 8.280776E+003  3.644246E+002
 8.263191E+003  3.055842E+002
 8.245496E+003  2.538845E+002
 8.230539E+003  2.124292E+002
 8.217308E+003  1.761867E+002
 8.200698E+003  1.300144E+002
 8.187750E+003  9.211332E+001
 8.176479E+003  5.651992E+001
 8.166290E+003  2.064985E+001
 8.158333E+003 -1.186805E+001
 8.147525E+003 -7.114070E+001
 8.143940E+003 -1.089367E+002
 8.143481E+003 -1.523156E+002
 8.150761E+003 -2.138007E+002
 8.162776E+003 -2.563129E+002
 8.182525E+003 -2.996254E+002
 8.203617E+003 -3.314973E+002
 8.229703E+003 -3.603985E+002
 8.265298E+003 -3.884007E+002
 8.325922E+003 -4.167367E+002
 8.391777E+003 -4.285265E+002
 8.458408E+003 -4.236773E+002
 8.521552E+003 -4.029825E+002
 8.563254E+003 -3.795699E+002
 8.599161E+003 -3.515252E+002
 8.626198E+003 -3.241235E+002
 8.649757E+003 -2.942549E+002
 8.673389E+003 -2.562237E+002
 8.692015E+003 -2.175184E+002
 8.704790E+003 -1.837514E+002
 8.715127E+003 -1.491458E+002
 8.727579E+003 -8.925638E+001
 8.735320E+003 -2.382054E+001
 8.738869E+003  3.428863E+001
 8.740668E+003  8.237415E+001
 8.742421E+003  1.281762E+002
 8.745289E+003  1.736012E+002
 8.749997E+003  2.149135E+002
 8.759047E+003  2.612774E+002
 8.780434E+003  3.226493E+002
 8.811534E+003  3.729626E+002
 8.845431E+003  4.073367E+002
 8.887955E+003  4.345057E+002
 8.933092E+003  4.503338E+002
 8.982209E+003  4.556411E+002
 9.028621E+003  4.502874E+002
 9.073766E+003  4.350386E+002
 9.109158E+003  4.150734E+002
 9.140986E+003  3.893962E+002
 9.165418E+003  3.628823E+002
 9.186384E+003  3.331003E+002
 9.213527E+003  2.760968E+002
 9.228686E+003  2.177981E+002
 9.233941E+003  1.535962E+002
 9.229755E+003  9.413297E+001
 9.222709E+003  5.472652E+001
 9.213169E+003  1.765648E+001
 9.197757E+003 -2.823436E+001
 9.182339E+003 -6.666791E+001
 9.161322E+003 -1.134862E+002
 9.141227E+003 -1.570271E+002
 9.126107E+003 -1.921085E+002
 9.112498E+003 -2.287359E+002
 9.096961E+003 -2.899136E+002
 9.093807E+003 -3.503179E+002
 9.099421E+003 -3.877929E+002
 9.111607E+003 -4.253275E+002
 9.127290E+003 -4.559861E+002
 9.147716E+003 -4.842272E+002
 9.197053E+003 -5.272077E+002
 9.250168E+003 -5.508622E+002
 9.305347E+003 -5.593856E+002
 9.350525E+003 -5.561547E+002
 9.393599E+003 -5.446270E+002
 9.429231E+003 -5.284015E+002
 9.462632E+003 -5.068292E+002
 9.509129E+003 -4.634090E+002
 9.544060E+003 -4.157003E+002
 9.570746E+003 -3.637543E+002
 9.589087E+003 -3.130017E+002
 9.603724E+003 -2.529391E+002
 9.611515E+003 -2.074361E+002
 9.616786E+003 -1.693631E+002
 9.621168E+003 -1.356601E+002
 9.625754E+003 -1.030811E+002
 9.635817E+003 -4.784679E+001
 9.644706E+003 -1.593461E+001
 9.662117E+003  2.753704E+001
 9.681640E+003  6.040710E+001
 9.711267E+003  9.457963E+001
 9.765713E+003  1.310308E+002
 9.823519E+003  1.466555E+002
 9.883984E+003  1.435539E+002
 9.935542E+003  1.251547E+002
 9.979725E+003  9.478403E+001
 1.001218E+004  5.936123E+001
 1.003705E+004  1.802520E+001
 1.005686E+004 -3.911976E+001
 1.006356E+004 -8.129579E+001
 1.006461E+004 -1.223388E+002
 1.006148E+004 -1.577437E+002
 1.005473E+004 -1.925716E+002
 1.004297E+004 -2.309941E+002
 1.002813E+004 -2.678517E+002
 1.001363E+004 -2.987894E+002
 9.997639E+003 -3.291125E+002
 9.967196E+003 -3.784567E+002
 9.929991E+003 -4.266009E+002
 9.884837E+003 -4.755427E+002
 9.856804E+003 -5.025018E+002
 9.829197E+003 -5.272148E+002
 9.781386E+003 -5.670142E+002
 9.734315E+003 -6.042804E+002
 9.696969E+003 -6.333681E+002
 9.649782E+003 -6.702996E+002
 9.616004E+003 -6.975532E+002
 9.571017E+003 -7.356270E+002
 9.532473E+003 -7.707858E+002
 9.496538E+003 -8.065693E+002
 9.473848E+003 -8.312408E+002
 9.432816E+003 -8.814364E+002
 9.413120E+003 -9.096697E+002
 9.395056E+003 -9.392223E+002
 9.370346E+003 -9.892777E+002
 9.350642E+003 -1.050164E+003
 9.343501E+003 -1.098452E+003
 9.344582E+003 -1.150868E+003
 9.358840E+003 -1.211882E+003
 9.380380E+003 -1.256618E+003
 9.410002E+003 -1.295662E+003
 9.443294E+003 -1.325317E+003
 9.500871E+003 -1.357091E+003
 9.563112E+003 -1.374999E+003
 9.626846E+003 -1.379822E+003
 9.662435E+003 -1.376758E+003
 9.697001E+003 -1.369954E+003
 9.744091E+003 -1.354595E+003
 9.786644E+003 -1.334327E+003
 9.818916E+003 -1.314514E+003
 9.848817E+003 -1.292342E+003
 9.881379E+003 -1.263499E+003
 9.910484E+003 -1.233054E+003
 9.950255E+003 -1.183078E+003
 9.970936E+003 -1.153258E+003
 9.989909E+003 -1.123545E+003
 1.001895E+004 -1.074109E+003
 1.004564E+004 -1.026594E+003
 1.007085E+004 -9.823602E+002
 1.009486E+004 -9.427768E+002
 1.012081E+004 -9.039800E+002
 1.014137E+004 -8.765086E+002
 1.016429E+004 -8.491041E+002
 1.021092E+004 -8.025159E+002
 1.025809E+004 -7.659423E+002
 1.030700E+004 -7.366133E+002
 1.036190E+004 -7.116530E+002
 1.041587E+004 -6.930921E+002
 1.047236E+004 -6.778552E+002
 1.052893E+004 -6.645315E+002
 1.057055E+004 -6.543236E+002
 1.061186E+004 -6.427501E+002
 1.066080E+004 -6.256339E+002
 1.070897E+004 -6.030100E+002
 1.075051E+004 -5.766886E+002
 1.079032E+004 -5.428732E+002
 1.083142E+004 -4.941293E+002
 1.086455E+004 -4.367320E+002
 1.088857E+004 -3.737883E+002
 1.090032E+004 -3.291904E+002
 1.090720E+004 -2.948960E+002
 1.091264E+004 -2.606825E+002
 1.091976E+004 -2.006228E+002
 1.092506E+004 -1.462293E+002
 1.093066E+004 -8.749803E+001
 1.093581E+004 -3.746787E+001
 1.094261E+004  2.403451E+001
 1.094801E+004  7.473960E+001
 1.095320E+004  1.347268E+002
 1.095491E+004  1.696654E+002
 1.095531E+004  2.052957E+002
 1.095206E+004  2.662910E+002
 1.094721E+004  3.018139E+002
 1.093985E+004  3.375400E+002
 1.092065E+004  3.991131E+002
 1.090365E+004  4.386369E+002
 1.088292E+004  4.780524E+002
 1.085335E+004  5.251812E+002
 1.081469E+004  5.791109E+002
 1.079443E+004  6.068018E+002
 1.077317E+004  6.365279E+002
 1.074650E+004  6.768860E+002
 1.071909E+004  7.273188E+002
 1.070090E+004  7.750777E+002
 1.069163E+004  8.167187E+002
 1.068865E+004  8.624053E+002
 1.069314E+004  9.056996E+002
 1.070591E+004  9.502006E+002
 1.073216E+004  1.000194E+003
 1.076898E+004  1.043401E+003
 1.080959E+004  1.074655E+003
 1.086464E+004  1.097172E+003
 1.089763E+004  1.106668E+003
 1.093095E+004  1.114196E+003
 1.096940E+004  1.121349E+003
 1.100845E+004  1.124739E+003
 1.104618E+004  1.122461E+003
 1.108265E+004  1.116972E+003
 1.113671E+004  1.103344E+003
 1.118678E+004  1.084814E+003
 1.124113E+004  1.057958E+003
 1.128991E+004  1.027268E+003
 1.133708E+004  9.905443E+002
 1.138026E+004  9.494519E+002
 1.140361E+004  9.236678E+002
 1.142541E+004  8.968904E+002
 1.145022E+004  8.626852E+002
 1.147178E+004  8.291371E+002
 1.149343E+004  7.910000E+002
 1.151286E+004  7.521049E+002
 1.152941E+004  7.145852E+002
 1.154401E+004  6.773002E+002
 1.156063E+004  6.285671E+002
 1.157420E+004  5.822096E+002
 1.158649E+004  5.330880E+002
 1.159685E+004  4.838785E+002
 1.160729E+004  4.222815E+002
 1.161238E+004  3.843359E+002
 1.161638E+004  3.473294E+002
 1.161975E+004  3.053605E+002
 1.162190E+004  2.628053E+002
 1.162272E+004  2.027890E+002
 1.162145E+004  1.539518E+002
 1.161885E+004  1.100218E+002
 1.161565E+004  7.322724E+001
 1.161155E+004  3.626584E+001
 1.160392E+004 -1.896922E+001
 1.159881E+004 -5.152837E+001
 1.159259E+004 -8.857728E+001
 1.158339E+004 -1.411877E+002
 1.157712E+004 -1.784019E+002
 1.157049E+004 -2.216049E+002
 1.156280E+004 -2.874712E+002
 1.156013E+004 -3.492367E+002
 1.156143E+004 -3.852964E+002
 1.156526E+004 -4.218361E+002
 1.157345E+004 -4.643861E+002
 1.158702E+004 -5.084554E+002
 1.160998E+004 -5.580504E+002
 1.163496E+004 -5.962303E+002
 1.166578E+004 -6.313633E+002
 1.169918E+004 -6.599892E+002
 1.173763E+004 -6.844471E+002
 1.178791E+004 -7.061744E+002
 1.184055E+004 -7.189535E+002
 1.188816E+004 -7.229542E+002
 1.193610E+004 -7.202413E+002
 1.197473E+004 -7.132369E+002
 1.201322E+004 -7.018764E+002
 1.204460E+004 -6.891875E+002
 1.207480E+004 -6.739124E+002
 1.210410E+004 -6.560288E+002
 1.213190E+004 -6.359564E+002
 1.218172E+004 -5.910682E+002
 1.221120E+004 -5.579397E+002
 1.223443E+004 -5.273137E+002
 1.225543E+004 -4.951812E+002
 1.227871E+004 -4.527913E+002
 1.229754E+004 -4.107111E+002
 1.231148E+004 -3.722706E+002
 1.232268E+004 -3.334722E+002
 1.233235E+004 -2.884505E+002
 1.233865E+004 -2.440375E+002
 1.234229E+004 -1.881255E+002
 1.234175E+004 -1.359817E+002
 1.233869E+004 -9.314716E+001
 1.233368E+004 -5.173459E+001
 1.232457E+004  1.338187E+000
 1.231414E+004  4.941320E+001
 1.230285E+004  9.437173E+001
 1.229168E+004  1.351515E+002
 1.228240E+004  1.675800E+002
 1.227199E+004  2.032012E+002
 1.225692E+004  2.550435E+002
 1.224811E+004  2.869567E+002
 1.223796E+004  3.266971E+002
 1.223060E+004  3.593538E+002
 1.222416E+004  3.932865E+002
 1.221621E+004  4.553425E+002
 1.221463E+004  4.963652E+002
 1.221686E+004  5.417178E+002
 1.222190E+004  5.763792E+002
 1.223019E+004  6.108678E+002
 1.224519E+004  6.521844E+002
 1.226622E+004  6.921734E+002
 1.229089E+004  7.264055E+002
 1.232093E+004  7.576190E+002
 1.235912E+004  7.867628E+002
 1.240167E+004  8.095888E+002
 1.245079E+004  8.265503E+002
 1.250026E+004  8.355808E+002
 1.255258E+004  8.378815E+002
 1.259722E+004  8.350582E+002
 1.263545E+004  8.299269E+002
 1.267025E+004  8.237874E+002
 1.271724E+004  8.145298E+002
 1.274984E+004  8.088742E+002
 1.279797E+004  8.032469E+002
 1.283216E+004  8.028611E+002
 1.287005E+004  8.069849E+002
 1.290363E+004  8.157429E+002
 1.293772E+004  8.309173E+002
 1.296590E+004  8.498556E+002
 1.299044E+004  8.733934E+002
 1.301834E+004  9.157252E+002
 1.303443E+004  9.656272E+002
 1.303504E+004  1.032432E+003
 1.301513E+004  1.095374E+003
 1.298409E+004  1.143524E+003
 1.294567E+004  1.181570E+003
 1.291008E+004  1.206432E+003
 1.287207E+004  1.225863E+003
 1.281499E+004  1.245118E+003
 1.276076E+004  1.255388E+003
 1.269725E+004  1.260073E+003
 1.264484E+004  1.260271E+003
 1.259777E+004  1.259412E+003
 1.255206E+004  1.259435E+003
 1.250829E+004  1.261998E+003
 1.246438E+004  1.268730E+003
 1.241864E+004  1.282383E+003
 1.236181E+004  1.314794E+003
 1.232739E+004  1.362097E+003
 1.230208E+004  1.424053E+003
 1.229138E+004  1.462036E+003
 1.228797E+004  1.501627E+003
 1.230392E+004  1.558638E+003
 1.233200E+004  1.606912E+003
 1.236136E+004  1.640488E+003
 1.239408E+004  1.668614E+003
 1.244882E+004  1.704189E+003
 1.248216E+004  1.723559E+003
 1.253112E+004  1.752036E+003
 1.257790E+004  1.785125E+003
 1.261933E+004  1.828826E+003
 1.264016E+004  1.869140E+003
 1.264950E+004  1.918932E+003
 1.264118E+004  1.974185E+003
 1.261660E+004  2.021019E+003
 1.257797E+004  2.058991E+003
 1.253789E+004  2.081399E+003
 1.249312E+004  2.094330E+003
 1.242790E+004  2.096160E+003
 1.236986E+004  2.083111E+003
 1.231652E+004  2.058827E+003
 1.227084E+004  2.027682E+003
 1.224339E+004  2.003871E+003
 1.221832E+004  1.978369E+003
 1.218061E+004  1.932657E+003
 1.215239E+004  1.894134E+003
 1.211736E+004  1.844496E+003
 1.207906E+004  1.794412E+003
 1.203371E+004  1.746929E+003
 1.198184E+004  1.713326E+003
 1.192582E+004  1.696450E+003
 1.185926E+004  1.698938E+003
 1.179732E+004  1.725648E+003
 1.176942E+004  1.748449E+003
 1.174628E+004  1.775991E+003
 1.171894E+004  1.831291E+003
 1.170805E+004  1.890110E+003
 1.171237E+004  1.952691E+003
 1.172914E+004  2.008830E+003
 1.175108E+004  2.052580E+003
 1.177839E+004  2.091882E+003
 1.180149E+004  2.118299E+003
 1.182681E+004  2.142579E+003
 1.187668E+004  2.180526E+003
 1.191913E+004  2.205520E+003
 1.196118E+004  2.225222E+003
 1.199654E+004  2.238581E+003
 1.203223E+004  2.249480E+003
 1.207932E+004  2.260351E+003
 1.212409E+004  2.267453E+003
 1.216052E+004  2.271171E+003
 1.219651E+004  2.273195E+003
 1.223860E+004  2.273664E+003
 1.227940E+004  2.272365E+003
 1.234448E+004  2.267069E+003
 1.239847E+004  2.260129E+003
 1.243530E+004  2.254234E+003
 1.247172E+004  2.247547E+003
 1.253715E+004  2.233528E+003
 1.259908E+004  2.218078E+003
 1.263342E+004  2.208623E+003
 1.266737E+004  2.198645E+003
 1.272681E+004  2.179617E+003
 1.278427E+004  2.159208E+003
 1.282070E+004  2.145126E+003
 1.285678E+004  2.130222E+003
 1.288889E+004  2.116070E+003
 1.292124E+004  2.100877E+003
 1.297758E+004  2.071868E+003
 1.303078E+004  2.040765E+003
 1.307456E+004  2.011689E+003
 1.311555E+004  1.980812E+003
 1.315163E+004  1.949849E+003
 1.318643E+004  1.915559E+003
 1.322501E+004  1.870557E+003
 1.325897E+004  1.821742E+003
 1.327859E+004  1.787339E+003
 1.329596E+004  1.750860E+003
 1.330834E+004  1.719389E+003
 1.331870E+004  1.687191E+003
 1.332984E+004  1.640778E+003
 1.333666E+004  1.596083E+003
 1.333969E+004  1.557913E+003
 1.334032E+004  1.519025E+003
 1.333609E+004  1.453227E+003
 1.333107E+004  1.415325E+003
 1.332466E+004  1.379135E+003
 1.331375E+004  1.330040E+003
 1.330174E+004  1.284327E+003
 1.328444E+004  1.225916E+003
 1.326992E+004  1.179886E+003
 1.325121E+004  1.121969E+003
 1.323715E+004  1.077918E+003
 1.322428E+004  1.036318E+003
 1.321229E+004  9.959185E+002
 1.320102E+004  9.559197E+002
 1.318907E+004  9.108943E+002
 1.317856E+004  8.687253E+002
 1.316800E+004  8.237550E+002
 1.315951E+004  7.858228E+002
 1.315097E+004  7.463409E+002
 1.314343E+004  7.107466E+002
 1.313541E+004  6.725058E+002
 1.312751E+004  6.347925E+002
 1.311944E+004  5.965217E+002
 1.311237E+004  5.632115E+002
 1.310512E+004  5.292390E+002
 1.309269E+004  4.706396E+002
 1.308312E+004  4.232933E+002
 1.307416E+004  3.744190E+002
 1.306696E+004  3.268656E+002
 1.306149E+004  2.736823E+002
 1.305979E+004  2.171189E+002
 1.306414E+004  1.565205E+002
 1.307634E+004  9.698333E+001
 1.309914E+004  3.625998E+001
 1.312936E+004 -1.519903E+001
 1.316875E+004 -6.142334E+001
 1.320724E+004 -9.397911E+001
 1.324994E+004 -1.205282E+002
 1.330421E+004 -1.436590E+002
 1.336035E+004 -1.578712E+002
 1.342031E+004 -1.640418E+002
 1.347819E+004 -1.623187E+002
 1.352718E+004 -1.555165E+002
 1.357278E+004 -1.450422E+002
 1.361924E+004 -1.304537E+002
 1.366450E+004 -1.126122E+002
 1.372176E+004 -8.513151E+001
 1.375390E+004 -6.755500E+001
 1.378475E+004 -4.930874E+001
 1.383429E+004 -1.743468E+001
 1.387774E+004  1.254557E+001
 1.392044E+004  4.323064E+001
 1.396088E+004  7.273929E+001
 1.400278E+004  1.030400E+002
 1.405344E+004  1.382052E+002
 1.410738E+004  1.724679E+002
 1.415606E+004  1.995187E+002
 1.420096E+004  2.207276E+002
 1.425458E+004  2.410796E+002
 1.430304E+004  2.546469E+002
 1.435112E+004  2.636215E+002
 1.439472E+004  2.679791E+002
 1.444202E+004  2.687814E+002
 1.447888E+004  2.667366E+002
 1.451610E+004  2.624548E+002
 1.458030E+004  2.503448E+002
 1.463084E+004  2.379637E+002
 1.467584E+004  2.259998E+002
 1.472165E+004  2.141984E+002
 1.477028E+004  2.037086E+002
 1.482335E+004  1.966722E+002
 1.486952E+004  1.960734E+002
 1.491987E+004  2.028810E+002
 1.495749E+004  2.141798E+002
 1.499395E+004  2.310283E+002
 1.502321E+004  2.494892E+002
 1.505034E+004  2.715541E+002
 1.509123E+004  3.178339E+002
 1.512172E+004  3.713054E+002
 1.514268E+004  4.298742E+002
 1.515167E+004  4.665604E+002
 1.515918E+004  5.061949E+002
 1.516583E+004  5.435628E+002
 1.517874E+004  6.013223E+002
 1.519895E+004  6.618169E+002
 1.521384E+004  6.929982E+002
 1.523295E+004  7.217280E+002
 1.526287E+004  7.511864E+002
 1.530205E+004  7.742313E+002
 1.534307E+004  7.862128E+002
 1.538770E+004  7.881262E+002
 1.542838E+004  7.805682E+002
 1.546853E+004  7.637839E+002
 1.552151E+004  7.229178E+002
 1.555873E+004  6.721529E+002
 1.557946E+004  6.248813E+002
 1.559113E+004  5.778608E+002
 1.559556E+004  5.371076E+002
 1.559541E+004  4.964523E+002
 1.558793E+004  4.379853E+002
 1.557855E+004  3.988286E+002
 1.556639E+004  3.614282E+002
 1.555373E+004  3.298520E+002
 1.553932E+004  2.990166E+002
 1.550778E+004  2.425719E+002
 1.547097E+004  1.877159E+002
 1.544193E+004  1.495753E+002
 1.541321E+004  1.150910E+002
 1.538880E+004  8.781925E+001
 1.536359E+004  6.131669E+001
 1.532156E+004  2.039869E+001
 1.527508E+004 -2.080966E+001
 1.524708E+004 -4.387077E+001
 1.521901E+004 -6.578884E+001
 1.518679E+004 -8.959665E+001
 1.515403E+004 -1.124660E+002
 1.512457E+004 -1.320053E+002
 1.509488E+004 -1.508066E+002
 1.505135E+004 -1.769296E+002
 1.500879E+004 -2.010410E+002
 1.494944E+004 -2.326220E+002
 1.489931E+004 -2.576832E+002
 1.484262E+004 -2.843939E+002
 1.479689E+004 -3.047524E+002
 1.475269E+004 -3.234755E+002
 1.469617E+004 -3.461534E+002
 1.465979E+004 -3.601678E+002
 1.461008E+004 -3.787981E+002
 1.456777E+004 -3.945994E+002
 1.451442E+004 -4.151082E+002
 1.447379E+004 -4.320418E+002
 1.442697E+004 -4.539539E+002
 1.438394E+004 -4.778350E+002
 1.433623E+004 -5.108634E+002
 1.430316E+004 -5.403919E+002
 1.427133E+004 -5.773208E+002
 1.423832E+004 -6.336482E+002
 1.422540E+004 -6.692007E+002
 1.421746E+004 -7.065208E+002
 1.421552E+004 -7.623551E+002
 1.422475E+004 -8.158881E+002
 1.424198E+004 -8.617712E+002
 1.426731E+004 -9.046991E+002
 1.429172E+004 -9.347816E+002
 1.431944E+004 -9.613839E+002
 1.435831E+004 -9.898330E+002
 1.439932E+004 -1.011952E+003
 1.443894E+004 -1.027522E+003
 1.447933E+004 -1.038674E+003
 1.451376E+004 -1.044994E+003
 1.454864E+004 -1.048741E+003
 1.460804E+004 -1.049524E+003
 1.464468E+004 -1.046778E+003
 1.468033E+004 -1.041814E+003
 1.472595E+004 -1.032195E+003
 1.476348E+004 -1.021545E+003
 1.480061E+004 -1.008534E+003
 1.485827E+004 -9.832521E+002
 1.489002E+004 -9.666320E+002
 1.492075E+004 -9.486027E+002
 1.497343E+004 -9.129272E+002
 1.501952E+004 -8.764315E+002
 1.505168E+004 -8.477945E+002
 1.508127E+004 -8.189210E+002
 1.511627E+004 -7.813606E+002
 1.514705E+004 -7.449979E+002
 1.516914E+004 -7.168142E+002
 1.519028E+004 -6.880862E+002
 1.522367E+004 -6.390154E+002
 1.525256E+004 -5.930608E+002
 1.527626E+004 -5.534429E+002
 1.530283E+004 -5.078755E+002
 1.532796E+004 -4.652433E+002
 1.536095E+004 -4.125394E+002
 1.538130E+004 -3.835039E+002
 1.540489E+004 -3.533031E+002
 1.542964E+004 -3.256008E+002
 1.545688E+004 -2.994051E+002
 1.548324E+004 -2.778823E+002
 1.551158E+004 -2.585378E+002
 1.556718E+004 -2.305617E+002
 1.561418E+004 -2.165541E+002
 1.566460E+004 -2.104693E+002
 1.571109E+004 -2.129037E+002
 1.575755E+004 -2.233903E+002
 1.580594E+004 -2.439463E+002
 1.585172E+004 -2.746437E+002
 1.589848E+004 -3.224819E+002
 1.593284E+004 -3.766232E+002
 1.595395E+004 -4.282518E+002
 1.596664E+004 -4.806273E+002
 1.597145E+004 -5.214818E+002
 1.597225E+004 -5.625366E+002
 1.596612E+004 -6.258370E+002
 1.595228E+004 -6.870338E+002
 1.593363E+004 -7.415357E+002
 1.591040E+004 -7.934048E+002
 1.588406E+004 -8.416556E+002
 1.584864E+004 -8.964693E+002
 1.581519E+004 -9.419180E+002
 1.578993E+004 -9.736740E+002
 1.576553E+004 -1.002932E+003
 1.574163E+004 -1.030763E+003
 1.572016E+004 -1.055461E+003
 1.568294E+004 -1.098485E+003
 1.566085E+004 -1.125266E+003
 1.563456E+004 -1.159316E+003
 1.560836E+004 -1.197538E+003
 1.558144E+004 -1.245505E+003
 1.556625E+004 -1.281476E+003
 1.555463E+004 -1.320761E+003
 1.554866E+004 -1.357226E+003
 1.554750E+004 -1.395864E+003
 1.555252E+004 -1.437743E+003
 1.556425E+004 -1.478922E+003
 1.557942E+004 -1.512539E+003
 1.559961E+004 -1.544702E+003
 1.564281E+004 -1.591015E+003
 1.569408E+004 -1.620734E+003
 1.575617E+004 -1.643923E+003
 1.579271E+004 -1.653781E+003
 1.583025E+004 -1.659125E+003
 1.587307E+004 -1.657535E+003
 1.591382E+004 -1.650463E+003
 1.594747E+004 -1.640794E+003
 1.598025E+004 -1.627988E+003
 1.603598E+004 -1.598212E+003
 1.607408E+004 -1.571734E+003
 1.610692E+004 -1.544331E+003
 1.613990E+004 -1.511885E+003
 1.617078E+004 -1.476369E+003
 1.620873E+004 -1.424602E+003
 1.622900E+004 -1.392808E+003
 1.624714E+004 -1.361403E+003
 1.626571E+004 -1.325949E+003
 1.628267E+004 -1.290169E+003
 1.629681E+004 -1.257568E+003
 1.631004E+004 -1.224468E+003
 1.633222E+004 -1.162514E+003
 1.635079E+004 -1.104533E+003
 1.636507E+004 -1.056933E+003
 1.637858E+004 -1.010651E+003
 1.639055E+004 -9.701159E+002
 1.640786E+004 -9.145539E+002
 1.642986E+004 -8.530003E+002
 1.645186E+004 -8.028687E+002
 1.648370E+004 -7.461372E+002
 1.651861E+004 -6.998933E+002
 1.656500E+004 -6.556369E+002
 1.660334E+004 -6.298248E+002
 1.664660E+004 -6.095779E+002
 1.668496E+004 -5.982756E+002
 1.672636E+004 -5.923191E+002
 1.678991E+004 -5.950545E+002
 1.685061E+004 -6.113511E+002
 1.690062E+004 -6.361034E+002
 1.694415E+004 -6.680235E+002
 1.697736E+004 -7.010116E+002
 1.700562E+004 -7.374657E+002
 1.703328E+004 -7.849046E+002
 1.705396E+004 -8.340860E+002
 1.707032E+004 -8.927530E+002
 1.707861E+004 -9.447233E+002
 1.708178E+004 -9.963560E+002
 1.708133E+004 -1.031121E+003
 1.707890E+004 -1.065814E+003
 1.706939E+004 -1.129716E+003
 1.705883E+004 -1.175110E+003
 1.704571E+004 -1.218687E+003
 1.702247E+004 -1.279293E+003
 1.699614E+004 -1.334279E+003
 1.697703E+004 -1.368583E+003
 1.695653E+004 -1.401682E+003
 1.691856E+004 -1.455399E+003
 1.689466E+004 -1.485495E+003
 1.687035E+004 -1.513813E+003
 1.682833E+004 -1.558403E+003
 1.679541E+004 -1.590529E+003
 1.675188E+004 -1.630235E+003
 1.671028E+004 -1.666419E+003
 1.668080E+004 -1.691675E+003
 1.664383E+004 -1.723439E+003
 1.661920E+004 -1.745135E+003
 1.659041E+004 -1.771402E+003
 1.656179E+004 -1.799039E+003
 1.652717E+004 -1.835488E+003
 1.648896E+004 -1.881669E+003
 1.646121E+004 -1.921703E+003
 1.643399E+004 -1.970077E+003
 1.641607E+004 -2.011175E+003
 1.640151E+004 -2.056448E+003
 1.639304E+004 -2.096086E+003
 1.638830E+004 -2.137951E+003
 1.638872E+004 -2.194909E+003
 1.639742E+004 -2.252479E+003
 1.641329E+004 -2.305292E+003
 1.643714E+004 -2.356959E+003
 1.647033E+004 -2.407681E+003
 1.651137E+004 -2.453401E+003
 1.655517E+004 -2.489766E+003
 1.660347E+004 -2.519595E+003
 1.664842E+004 -2.539901E+003
 1.669664E+004 -2.555033E+003
 1.676170E+004 -2.565909E+003
 1.682536E+004 -2.566852E+003
 1.688142E+004 -2.560025E+003
 1.693489E+004 -2.546722E+003
 1.697620E+004 -2.531687E+003
 1.701657E+004 -2.512668E+003
 1.707392E+004 -2.477390E+003
 1.712030E+004 -2.440653E+003
 1.716060E+004 -2.401406E+003
 1.718791E+004 -2.370080E+003
 1.721307E+004 -2.337013E+003
 1.723229E+004 -2.308489E+003
 1.725006E+004 -2.279005E+003
 1.727491E+004 -2.231398E+003
 1.729489E+004 -2.185964E+003
 1.731460E+004 -2.132032E+003
 1.732897E+004 -2.084432E+003
 1.733953E+004 -2.043113E+003
 1.734841E+004 -2.002733E+003
 1.735578E+004 -1.964483E+003
 1.736196E+004 -1.929025E+003
 1.737123E+004 -1.871043E+003
 1.737821E+004 -1.828399E+003
 1.738847E+004 -1.772690E+003
 1.739582E+004 -1.740131E+003
 1.740494E+004 -1.706292E+003
 1.742349E+004 -1.652926E+003
 1.745379E+004 -1.592796E+003
 1.748809E+004 -1.546668E+003
 1.753454E+004 -1.504419E+003
 1.757008E+004 -1.482513E+003
 1.760916E+004 -1.466132E+003
 1.766310E+004 -1.454474E+003
 1.772056E+004 -1.454467E+003
 1.778546E+004 -1.469587E+003
 1.784458E+004 -1.498986E+003
 1.787267E+004 -1.519313E+003
 1.789837E+004 -1.542484E+003
 1.794084E+004 -1.594290E+003
 1.796066E+004 -1.629483E+003
 1.797740E+004 -1.665718E+003
 1.799088E+004 -1.697197E+003
 1.800350E+004 -1.729106E+003
 1.802214E+004 -1.783578E+003
 1.803385E+004 -1.821714E+003
 1.804451E+004 -1.854776E+003
 1.805633E+004 -1.887132E+003
 1.807136E+004 -1.921085E+003
 1.809765E+004 -1.965409E+003
 1.812585E+004 -1.998141E+003
 1.816439E+004 -2.027921E+003
 1.820944E+004 -2.047853E+003
 1.826505E+004 -2.055760E+003
 1.830533E+004 -2.051187E+003
 1.834374E+004 -2.038403E+003
 1.838568E+004 -2.013197E+003
 1.842011E+004 -1.980284E+003
 1.844968E+004 -1.936565E+003
 1.846998E+004 -1.887139E+003
 1.848127E+004 -1.830319E+003
 1.848271E+004 -1.777226E+003
 1.847874E+004 -1.735846E+003
 1.847154E+004 -1.697132E+003
 1.845888E+004 -1.649515E+003
 1.844320E+004 -1.600281E+003
 1.843295E+004 -1.567752E+003
 1.841956E+004 -1.518835E+003
 1.841178E+004 -1.465490E+003
 1.841282E+004 -1.429175E+003
 1.842078E+004 -1.390338E+003
 1.843799E+004 -1.350853E+003
 1.846068E+004 -1.319484E+003
 1.849145E+004 -1.291849E+003
 1.852238E+004 -1.273806E+003
 1.855697E+004 -1.261614E+003
 1.862213E+004 -1.256408E+003
 1.868112E+004 -1.269336E+003
 1.872332E+004 -1.289124E+003
 1.876008E+004 -1.314508E+003
 1.880358E+004 -1.356047E+003
 1.883054E+004 -1.387410E+003
 1.886057E+004 -1.425832E+003
 1.889312E+004 -1.466173E+003
 1.891972E+004 -1.493722E+003
 1.896317E+004 -1.526937E+003
 1.901800E+004 -1.549023E+003
 1.905627E+004 -1.553062E+003
 1.909743E+004 -1.547469E+003
 1.915055E+004 -1.522520E+003
 1.919386E+004 -1.478454E+003
 1.921460E+004 -1.439543E+003
 1.922600E+004 -1.399411E+003
 1.922980E+004 -1.355843E+003
 1.922655E+004 -1.314315E+003
 1.921698E+004 -1.271279E+003
 1.920296E+004 -1.230913E+003
 1.918169E+004 -1.184323E+003
 1.916153E+004 -1.145630E+003
 1.914244E+004 -1.109868E+003
 1.912280E+004 -1.070537E+003
 1.910619E+004 -1.030363E+003
 1.909308E+004 -9.842603E+002
 1.908740E+004 -9.363156E+002
 1.909011E+004 -8.912369E+002
 1.910218E+004 -8.437846E+002
 1.912190E+004 -8.016738E+002
 1.915007E+004 -7.615785E+002
 1.918162E+004 -7.283173E+002
 1.921745E+004 -6.979216E+002
 1.925734E+004 -6.682802E+002
 1.928657E+004 -6.467372E+002
 1.931661E+004 -6.230573E+002
 1.934175E+004 -6.004515E+002
 1.936633E+004 -5.741612E+002
 1.939935E+004 -5.271101E+002
 1.942428E+004 -4.721872E+002
 1.943488E+004 -4.382017E+002
 1.944286E+004 -4.043468E+002
 1.945002E+004 -3.669266E+002
 1.945695E+004 -3.312685E+002
 1.946495E+004 -2.995886E+002
 1.947870E+004 -2.629548E+002
 1.949637E+004 -2.326595E+002
 1.952057E+004 -2.040011E+002
 1.957392E+004 -1.648999E+002
 1.963210E+004 -1.465362E+002
 1.968037E+004 -1.469302E+002
 1.972539E+004 -1.586538E+002
 1.977418E+004 -1.847910E+002
 1.981251E+004 -2.170691E+002
 1.984751E+004 -2.576584E+002
 1.987466E+004 -2.965119E+002
 1.990695E+004 -3.490659E+002
 1.992707E+004 -3.816460E+002
 1.994670E+004 -4.115647E+002
 1.998448E+004 -4.615708E+002
 2.002099E+004 -4.986140E+002
 2.005236E+004 -5.200163E+002
 2.008594E+004 -5.379361E+002
 2.014607E+004 -5.648509E+002
 2.020071E+004 -5.803166E+002
 2.024021E+004 -5.823370E+002
 2.027880E+004 -5.794086E+002
 2.032607E+004 -5.697389E+002
 2.036842E+004 -5.557701E+002
 2.040405E+004 -5.407005E+002
 2.045469E+004 -5.153830E+002
 2.050076E+004 -4.918581E+002
 2.054858E+004 -4.708644E+002
 2.058911E+004 -4.584454E+002
 2.063441E+004 -4.516924E+002
 2.068341E+004 -4.538746E+002
 2.072759E+004 -4.651187E+002
 2.076670E+004 -4.832702E+002
 2.081106E+004 -5.145916E+002
 2.084347E+004 -5.443907E+002
 2.087074E+004 -5.724347E+002
 2.089669E+004 -5.989169E+002
 2.092128E+004 -6.211667E+002
 2.096129E+004 -6.486891E+002
 2.102171E+004 -6.676923E+002
 2.108181E+004 -6.599806E+002
 2.111466E+004 -6.458838E+002
 2.114427E+004 -6.259826E+002
 2.117475E+004 -5.958910E+002
 2.119891E+004 -5.593573E+002
 2.121289E+004 -5.261282E+002
 2.122215E+004 -4.918094E+002
 2.122975E+004 -4.397117E+002
 2.123356E+004 -3.770272E+002
 2.123808E+004 -3.183021E+002
 2.124900E+004 -2.614914E+002
 2.125996E+004 -2.302998E+002
 2.127648E+004 -1.977819E+002
 2.131881E+004 -1.461510E+002
 2.135316E+004 -1.205365E+002
 2.139095E+004 -1.017165E+002
 2.142521E+004 -9.065560E+001
 2.146110E+004 -8.398856E+001
 2.152300E+004 -8.267354E+001
 2.158550E+004 -9.348747E+001
 2.164447E+004 -1.144776E+002
 2.169717E+004 -1.429640E+002
 2.174510E+004 -1.786572E+002
 2.178393E+004 -2.167911E+002
 2.181684E+004 -2.588265E+002
 2.184510E+004 -3.072167E+002
 2.186561E+004 -3.569122E+002
 2.187686E+004 -3.967040E+002
 2.188423E+004 -4.371565E+002
 2.188868E+004 -5.022152E+002
 2.188791E+004 -5.446806E+002
 2.188359E+004 -6.008768E+002
 2.187796E+004 -6.554451E+002
 2.187300E+004 -7.137074E+002
 2.187218E+004 -7.756057E+002
 2.187901E+004 -8.372455E+002
 2.189056E+004 -8.827860E+002
 2.190883E+004 -9.286389E+002
 2.193257E+004 -9.710465E+002
 2.196174E+004 -1.011154E+003
 2.199289E+004 -1.046564E+003
 2.203562E+004 -1.088894E+003
 2.207938E+004 -1.130736E+003
 2.211937E+004 -1.172257E+003
 2.214387E+004 -1.201408E+003
 2.217842E+004 -1.250155E+003
 2.220706E+004 -1.299841E+003
 2.223153E+004 -1.347910E+003
 2.224728E+004 -1.378161E+003
 2.226906E+004 -1.415891E+003
 2.229658E+004 -1.453373E+003
 2.234126E+004 -1.493685E+003
 2.240305E+004 -1.520064E+003
 2.244812E+004 -1.522311E+003
 2.251105E+004 -1.501367E+003
 2.256333E+004 -1.463132E+003
 2.260211E+004 -1.413365E+003
 2.261786E+004 -1.377920E+003
 2.262724E+004 -1.341952E+003
 2.263187E+004 -1.294626E+003
 2.262814E+004 -1.240231E+003
 2.261802E+004 -1.192482E+003
 2.260665E+004 -1.156218E+003
 2.259314E+004 -1.121560E+003
 2.256616E+004 -1.064793E+003
 2.253886E+004 -1.013763E+003
 2.250774E+004 -9.568697E+002
 2.248500E+004 -9.117674E+002
 2.246665E+004 -8.698010E+002
 2.245316E+004 -8.319549E+002
 2.244265E+004 -7.926709E+002
 2.243555E+004 -7.490408E+002
 2.243398E+004 -6.929833E+002
 2.243771E+004 -6.581218E+002
 2.244526E+004 -6.234861E+002
 2.246623E+004 -5.683680E+002
 2.248293E+004 -5.386421E+002
 2.250273E+004 -5.108594E+002
 2.254470E+004 -4.671961E+002
 2.259536E+004 -4.308276E+002
 2.264274E+004 -4.072673E+002
 2.269120E+004 -3.909877E+002
 2.273683E+004 -3.816458E+002
 2.277090E+004 -3.780394E+002
 2.280522E+004 -3.771262E+002
 2.287208E+004 -3.828829E+002
 2.293591E+004 -3.978024E+002
 2.298555E+004 -4.164604E+002
 2.303162E+004 -4.403470E+002
 2.307974E+004 -4.738943E+002
 2.312484E+004 -5.167194E+002
 2.314648E+004 -5.431531E+002
 2.316564E+004 -5.714758E+002
 2.319474E+004 -6.301942E+002
 2.321089E+004 -6.832015E+002
 2.321887E+004 -7.355158E+002
 2.322005E+004 -7.794689E+002
 2.321653E+004 -8.233959E+002
 2.320405E+004 -8.848615E+002
 2.318973E+004 -9.302520E+002
 2.317232E+004 -9.738326E+002
 2.315552E+004 -1.010381E+003
 2.314046E+004 -1.040899E+003
 2.312215E+004 -1.076837E+003
 2.310487E+004 -1.111533E+003
 2.308867E+004 -1.146825E+003
 2.307441E+004 -1.183350E+003
 2.305805E+004 -1.244679E+003
 2.305451E+004 -1.306664E+003
 2.306177E+004 -1.351875E+003
 2.307842E+004 -1.395804E+003
 2.310173E+004 -1.432322E+003
 2.313377E+004 -1.465030E+003
 2.316666E+004 -1.487211E+003
 2.320491E+004 -1.502874E+003
 2.324569E+004 -1.509328E+003
 2.328622E+004 -1.508962E+003
 2.332065E+004 -1.505558E+003
 2.335513E+004 -1.499247E+003
 2.341152E+004 -1.480783E+003
 2.345387E+004 -1.455633E+003
 2.348638E+004 -1.429180E+003
 2.351530E+004 -1.398930E+003
 2.354892E+004 -1.352326E+003
 2.357389E+004 -1.305277E+003
 2.359074E+004 -1.262555E+003
 2.360325E+004 -1.218513E+003
 2.360997E+004 -1.184229E+003
 2.361437E+004 -1.149474E+003
 2.361666E+004 -1.084402E+003
 2.361491E+004 -1.047560E+003
 2.361113E+004 -1.011259E+003
 2.359975E+004 -9.479829E+002
 2.358649E+004 -8.980479E+002
 2.357062E+004 -8.515709E+002
 2.354743E+004 -7.970910E+002
 2.352211E+004 -7.482308E+002
 2.348861E+004 -6.940320E+002
 2.346128E+004 -6.554997E+002
 2.342830E+004 -6.136291E+002
 2.340124E+004 -5.817146E+002
 2.336990E+004 -5.464169E+002
 2.333885E+004 -5.119213E+002
 2.331273E+004 -4.821959E+002
 2.327937E+004 -4.416174E+002
 2.325751E+004 -4.114983E+002
 2.323472E+004 -3.747085E+002
 2.321692E+004 -3.383709E+002
 2.320179E+004 -2.944483E+002
 2.319240E+004 -2.322730E+002
 2.319401E+004 -1.939265E+002
 2.320169E+004 -1.554173E+002
 2.322374E+004 -1.025115E+002
 2.325892E+004 -5.492416E+001
 2.330914E+004 -1.418718E+001
 2.336923E+004  1.267209E+001
 2.342852E+004  2.016440E+001
 2.348700E+004  2.001825E+001
 2.354469E+004  1.283371E+001
 2.357866E+004  2.089534E+000
 2.363684E+004 -2.621541E+001
 2.369002E+004 -6.336461E+001
 2.373544E+004 -1.053709E+002
 2.376126E+004 -1.340682E+002
 2.378452E+004 -1.633497E+002
 2.381656E+004 -2.096404E+002
 2.383887E+004 -2.455211E+002
 2.385829E+004 -2.784932E+002
 2.387683E+004 -3.103610E+002
 2.389504E+004 -3.407563E+002
 2.392546E+004 -3.870087E+002
 2.395028E+004 -4.181821E+002
 2.399083E+004 -4.575473E+002
 2.403333E+004 -4.851231E+002
 2.409175E+004 -5.050477E+002
 2.415400E+004 -5.059543E+002
 2.419775E+004 -4.938197E+002
 2.423678E+004 -4.726437E+002
 2.426582E+004 -4.487675E+002
 2.429105E+004 -4.196895E+002
 2.432195E+004 -3.627621E+002
 2.433405E+004 -3.199544E+002
 2.433872E+004 -2.778422E+002
 2.433777E+004 -2.417423E+002
 2.433275E+004 -2.062544E+002
 2.432140E+004 -1.626115E+002
 2.430717E+004 -1.241976E+002
 2.428592E+004 -7.857365E+001
 2.426006E+004 -2.954346E+001
 2.423871E+004  1.250363E+001
 2.422059E+004  5.609589E+001
 2.420643E+004  1.177506E+002
 2.420958E+004  1.730602E+002
 2.422665E+004  2.189622E+002
 2.426142E+004  2.622287E+002
 2.429455E+004  2.849780E+002
 2.433182E+004  2.993382E+002
 2.437626E+004  3.054231E+002
 2.442008E+004  3.015648E+002
 2.446709E+004  2.867611E+002
 2.451157E+004  2.611950E+002
 2.455902E+004  2.166652E+002
 2.458479E+004  1.807576E+002
 2.460460E+004  1.426305E+002
 2.462536E+004  7.850438E+001
 2.463339E+004  2.990875E+001
 2.463600E+004 -1.362039E+001
 2.463487E+004 -5.787926E+001
 2.463101E+004 -9.897492E+001
 2.462165E+004 -1.587412E+002
 2.461488E+004 -1.957176E+002
 2.460859E+004 -2.296429E+002
 2.459886E+004 -2.885049E+002
 2.459336E+004 -3.495454E+002
 2.459516E+004 -4.095960E+002
 2.460477E+004 -4.637314E+002
 2.462227E+004 -5.147838E+002
 2.465225E+004 -5.694921E+002
 2.469396E+004 -6.209735E+002
 2.472603E+004 -6.514009E+002
 2.476887E+004 -6.848108E+002
 2.480482E+004 -7.092512E+002
 2.485112E+004 -7.382214E+002
 2.488610E+004 -7.599382E+002
 2.492765E+004 -7.868063E+002
 2.497384E+004 -8.196498E+002
 2.500179E+004 -8.415881E+002
 2.503098E+004 -8.662892E+002
 2.507660E+004 -9.080994E+002
 2.511660E+004 -9.450892E+002
 2.516346E+004 -9.844046E+002
 2.519531E+004 -1.006075E+003
 2.523183E+004 -1.025442E+003
 2.526694E+004 -1.038360E+003
 2.530600E+004 -1.046333E+003
 2.535337E+004 -1.047060E+003
 2.540140E+004 -1.037337E+003
 2.544219E+004 -1.019665E+003
 2.547963E+004 -9.938024E+002
 2.550761E+004 -9.661198E+002
 2.553097E+004 -9.345985E+002
 2.555282E+004 -8.927645E+002
 2.556769E+004 -8.490544E+002
 2.557499E+004 -8.142932E+002
 2.557895E+004 -7.789619E+002
 2.557830E+004 -7.143643E+002
 2.557212E+004 -6.658996E+002
 2.556249E+004 -6.212754E+002
 2.555172E+004 -5.839682E+002
 2.553879E+004 -5.472688E+002
 2.551427E+004 -4.905350E+002
 2.548768E+004 -4.396290E+002
 2.546393E+004 -4.000097E+002
 2.543845E+004 -3.619521E+002
 2.541807E+004 -3.341320E+002
 2.539666E+004 -3.069875E+002
 2.535446E+004 -2.587211E+002
 2.530894E+004 -2.130014E+002
 2.526462E+004 -1.735501E+002
 2.523139E+004 -1.459854E+002
 2.520036E+004 -1.190243E+002
 2.516774E+004 -8.015208E+001
 2.514595E+004 -3.669850E+001
