 0.0000000000000000E+000 501
 0.000000E+000  4.766700E-003
 5.000000E+001  8.669700E-003
 1.000000E+002  8.571000E-003
 1.500000E+002  8.051000E-003
 2.000000E+002  1.348200E-004
 2.500000E+002  8.835500E-003
 3.000000E+002  9.260000E-003
 3.500000E+002  9.073800E-003
 4.000000E+002  3.291200E-003
 4.500000E+002  7.302600E-003
 5.000000E+002  2.530900E-003
 5.500000E+002  6.883500E-003
 6.000000E+002  2.276500E-003
 6.500000E+002  4.982300E-003
 7.000000E+002  7.551000E-003
 7.500000E+002  7.387600E-003
 8.000000E+002  5.825200E-003
 8.500000E+002  7.322500E-003
 9.000000E+002  8.077500E-003
 9.500000E+002  1.141400E-003
 1.000000E+003  4.557200E-003
 1.050000E+003  9.184700E-003
 1.100000E+003  1.303700E-003
 1.150000E+003  9.365300E-003
 1.200000E+003  7.363200E-003
 1.250000E+003  9.457400E-003
 1.300000E+003  1.270900E-003
 1.350000E+003  1.258800E-003
 1.400000E+003  2.471500E-003
 1.450000E+003  1.423500E-003
 1.500000E+003  1.833600E-003
 1.550000E+003  7.135100E-004
 1.600000E+003  1.923300E-003
 1.650000E+003  6.509300E-003
 1.700000E+003  1.089400E-003
 1.750000E+003  2.766900E-003
 1.800000E+003  2.726100E-003
 1.850000E+003  8.540800E-003
 1.900000E+003  9.940300E-003
 1.950000E+003  6.512400E-003
 2.000000E+003  7.074600E-003
 2.050000E+003  6.080200E-003
 2.100000E+003  4.037700E-003
 2.150000E+003  8.204500E-004
 2.200000E+003  7.043200E-003
 2.250000E+003  2.893500E-004
 2.300000E+003  2.503000E-003
 2.350000E+003  7.540000E-003
 2.400000E+003  1.109500E-003
 2.450000E+003  4.313000E-003
 2.500000E+003  6.856400E-003
 2.550000E+003  4.802400E-003
 2.600000E+003  4.563300E-003
 2.650000E+003  6.336600E-003
 2.700000E+003  8.701600E-003
 2.750000E+003  1.798200E-003
 2.800000E+003  5.836200E-004
 2.850000E+003  1.731700E-003
 2.900000E+003  2.665600E-003
 2.950000E+003  8.526700E-003
 3.000000E+003  1.466300E-003
 3.050000E+003  6.604400E-003
 3.100000E+003  1.495400E-003
 3.150000E+003  1.171100E-003
 3.200000E+003  5.207100E-003
 3.250000E+003  3.567900E-003
 3.300000E+003  8.444300E-003
 3.350000E+003  6.252200E-003
 3.400000E+003  2.769500E-003
 3.450000E+003  7.346500E-003
 3.500000E+003  8.293300E-003
 3.550000E+003  3.561700E-003
 3.600000E+003  4.135700E-004
 3.650000E+003  2.009700E-003
 3.700000E+003  4.116600E-003
 3.750000E+003  4.057400E-003
 3.800000E+003  9.495400E-003
 3.850000E+003  3.794400E-003
 3.900000E+003  3.222900E-003
 3.950000E+003  2.016200E-005
 4.000000E+003  3.602000E-003
 4.050000E+003  9.587000E-003
 4.100000E+003  8.662500E-003
 4.150000E+003  9.835500E-003
 4.200000E+003  5.845500E-003
 4.250000E+003  2.953300E-004
 4.300000E+003  7.811500E-003
 4.350000E+003  6.974700E-004
 4.400000E+003  4.277900E-003
 4.450000E+003  1.336500E-003
 4.500000E+003  6.361200E-003
 4.550000E+003  5.143600E-003
 4.600000E+003  1.706900E-003
 4.650000E+003  3.257500E-003
 4.700000E+003  4.298700E-003
 4.750000E+003  4.542200E-003
 4.800000E+003  7.201700E-003
 4.850000E+003  9.678100E-004
 4.900000E+003  9.189200E-003
 4.950000E+003  8.650100E-003
 5.000000E+003  4.161300E-003
 5.050000E+003  1.425000E-003
 5.100000E+003  1.490600E-003
 5.150000E+003  1.587900E-003
 5.200000E+003  9.225300E-004
 5.250000E+003  6.210200E-003
 5.300000E+003  3.439900E-003
 5.350000E+003  4.682800E-003
 5.400000E+003  3.976400E-004
 5.450000E+003  6.154600E-003
 5.500000E+003  1.810100E-003
 5.550000E+003  9.665100E-003
 5.600000E+003  9.656100E-003
 5.650000E+003  5.895700E-003
 5.700000E+003  3.102000E-003
 5.750000E+003  6.260300E-003
 5.800000E+003  3.721600E-003
 5.850000E+003  6.243800E-003
 5.900000E+003  2.255500E-003
 5.950000E+003  6.442000E-003
 6.000000E+003  3.600400E-003
 6.050000E+003  8.639000E-003
 6.100000E+003  1.211500E-003
 6.150000E+003  2.628500E-003
 6.200000E+003  2.890500E-004
 6.250000E+003  7.085600E-005
 6.300000E+003  7.286800E-003
 6.350000E+003  3.994100E-003
 6.400000E+003  3.872400E-003
 6.450000E+003  6.803500E-003
 6.500000E+003  6.717800E-003
 6.550000E+003  7.389500E-003
 6.600000E+003  5.621500E-003
 6.650000E+003  6.395700E-003
 6.700000E+003  1.061800E-003
 6.750000E+003  6.340300E-003
 6.800000E+003  3.675800E-003
 6.850000E+003  2.091600E-003
 6.900000E+003  3.924300E-003
 6.950000E+003  5.243800E-003
 7.000000E+003  9.397900E-003
 7.050000E+003  7.827900E-003
 7.100000E+003  4.758300E-003
 7.150000E+003  8.226800E-003
 7.200000E+003  9.317900E-004
 7.250000E+003  6.448000E-003
 7.300000E+003  5.899300E-003
 7.350000E+003  3.045200E-003
 7.400000E+003  6.108900E-003
 7.450000E+003  3.735500E-003
 7.500000E+003  9.401400E-003
 7.550000E+003  3.804500E-003
 7.600000E+003  1.969200E-003
 7.650000E+003  1.334400E-003
 7.700000E+003  4.258900E-003
 7.750000E+003  7.902300E-003
 7.800000E+003  1.785900E-003
 7.850000E+003  7.528200E-003
 7.900000E+003  1.673200E-003
 7.950000E+003  5.781800E-003
 8.000000E+003  5.598900E-003
 8.050000E+003  2.155000E-003
 8.100000E+003  7.366000E-003
 8.150000E+003  2.119200E-003
 8.200000E+003  5.059400E-004
 8.250000E+003  2.371800E-003
 8.300000E+003  7.361600E-003
 8.350000E+003  1.452400E-003
 8.400000E+003  8.210300E-003
 8.450000E+003  3.215100E-003
 8.500000E+003  7.456500E-003
 8.550000E+003  7.271200E-003
 8.600000E+003  9.073100E-003
 8.650000E+003  8.936800E-003
 8.700000E+003  5.480700E-003
 8.750000E+003  7.841900E-003
 8.800000E+003  1.683000E-003
 8.850000E+003  6.757500E-003
 8.900000E+003  3.225100E-003
 8.950000E+003  4.923100E-003
 9.000000E+003  5.843200E-003
 9.050000E+003  3.780400E-003
 9.100000E+003  5.876900E-003
 9.150000E+003  9.381700E-003
 9.200000E+003  2.884700E-003
 9.250000E+003  5.346700E-003
 9.300000E+003  4.323000E-003
 9.350000E+003  1.819800E-004
 9.400000E+003  9.595200E-003
 9.450000E+003  6.760400E-003
 9.500000E+003  3.779000E-003
 9.550000E+003  4.734500E-004
 9.600000E+003  2.316200E-004
 9.650000E+003  7.445100E-003
 9.700000E+003  2.081300E-003
 9.750000E+003  6.183100E-003
 9.800000E+003  4.012500E-003
 9.850000E+003  4.090300E-003
 9.900000E+003  5.501500E-003
 9.950000E+003  4.497800E-003
 1.000000E+004  1.279700E-003
 1.005000E+004  6.754000E-003
 1.010000E+004  4.745200E-003
 1.015000E+004  3.040400E-003
 1.020000E+004  3.579600E-003
 1.025000E+004  3.315300E-003
 1.030000E+004  1.164500E-003
 1.035000E+004  9.038600E-003
 1.040000E+004  9.203200E-003
 1.045000E+004  5.962600E-003
 1.050000E+004  4.182800E-003
 1.055000E+004  9.402000E-003
 1.060000E+004  7.356200E-003
 1.065000E+004  6.542800E-003
 1.070000E+004  4.058300E-003
 1.075000E+004  2.426000E-003
 1.080000E+004  6.591200E-003
 1.085000E+004  9.721100E-003
 1.090000E+004  9.640600E-003
 1.095000E+004  3.100000E-006
 1.100000E+004  5.840600E-003
 1.105000E+004  3.617200E-003
 1.110000E+004  9.549300E-003
 1.115000E+004  4.731200E-003
 1.120000E+004  2.138400E-003
 1.125000E+004  7.156500E-003
 1.130000E+004  7.990900E-003
 1.135000E+004  1.424600E-003
 1.140000E+004  7.332000E-003
 1.145000E+004  3.943900E-003
 1.150000E+004  9.574200E-003
 1.155000E+004  1.822600E-003
 1.160000E+004  1.790300E-003
 1.165000E+004  2.068600E-003
 1.170000E+004  9.418500E-003
 1.175000E+004  6.983900E-003
 1.180000E+004  8.435000E-003
 1.185000E+004  4.613900E-003
 1.190000E+004  6.380100E-003
 1.195000E+004  2.492300E-003
 1.200000E+004  2.998500E-003
 1.205000E+004  1.356600E-003
 1.210000E+004  1.703200E-004
 1.215000E+004  3.896100E-003
 1.220000E+004  4.918800E-003
 1.225000E+004  4.396500E-003
 1.230000E+004  2.458700E-003
 1.235000E+004  8.146600E-005
 1.240000E+004  7.065500E-003
 1.245000E+004  1.917900E-003
 1.250000E+004  1.046800E-003
 1.255000E+004  6.938100E-004
 1.260000E+004  4.787800E-003
 1.265000E+004  8.473500E-003
 1.270000E+004  9.111700E-003
 1.275000E+004  6.987600E-003
 1.280000E+004  2.987700E-003
 1.285000E+004  9.939800E-003
 1.290000E+004  2.585800E-003
 1.295000E+004  2.557300E-003
 1.300000E+004  3.007200E-003
 1.305000E+004  4.714300E-003
 1.310000E+004  2.480500E-003
 1.315000E+004  1.559000E-003
 1.320000E+004  3.023000E-003
 1.325000E+004  8.018300E-003
 1.330000E+004  9.085100E-003
 1.335000E+004  6.693400E-003
 1.340000E+004  3.351600E-003
 1.345000E+004  1.412900E-003
 1.350000E+004  4.345900E-003
 1.355000E+004  1.965000E-003
 1.360000E+004  8.190500E-003
 1.365000E+004  6.105500E-003
 1.370000E+004  7.681300E-003
 1.375000E+004  2.575000E-003
 1.380000E+004  5.464400E-003
 1.385000E+004  1.832700E-003
 1.390000E+004  3.891600E-003
 1.395000E+004  4.645500E-003
 1.400000E+004  2.515500E-003
 1.405000E+004  3.945700E-003
 1.410000E+004  6.653100E-003
 1.415000E+004  3.281800E-003
 1.420000E+004  1.744200E-003
 1.425000E+004  5.667800E-003
 1.430000E+004  3.197900E-003
 1.435000E+004  1.759900E-003
 1.440000E+004  7.427100E-003
 1.445000E+004  9.036400E-003
 1.450000E+004  7.351400E-003
 1.455000E+004  8.305800E-003
 1.460000E+004  5.170100E-003
 1.465000E+004  3.649200E-004
 1.470000E+004  6.665300E-003
 1.475000E+004  9.159900E-003
 1.480000E+004  1.878500E-003
 1.485000E+004  7.545600E-003
 1.490000E+004  9.833200E-003
 1.495000E+004  6.190500E-003
 1.500000E+004  8.619800E-003
 1.505000E+004  4.063700E-003
 1.510000E+004  8.165400E-003
 1.515000E+004  2.258300E-003
 1.520000E+004  3.072900E-003
 1.525000E+004  9.791900E-003
 1.530000E+004  1.191400E-003
 1.535000E+004  8.116300E-003
 1.540000E+004  6.862900E-004
 1.545000E+004  6.084500E-004
 1.550000E+004  9.817900E-003
 1.555000E+004  5.725400E-003
 1.560000E+004  8.796500E-003
 1.565000E+004  4.946800E-004
 1.570000E+004  3.420400E-004
 1.575000E+004  9.536200E-003
 1.580000E+004  3.620200E-003
 1.585000E+004  7.350900E-003
 1.590000E+004  2.031400E-003
 1.595000E+004  9.778600E-003
 1.600000E+004  7.072800E-003
 1.605000E+004  3.176400E-003
 1.610000E+004  4.401100E-003
 1.615000E+004  3.299800E-003
 1.620000E+004  8.352100E-003
 1.625000E+004  5.214100E-003
 1.630000E+004  1.787700E-003
 1.635000E+004  5.348000E-003
 1.640000E+004  9.490900E-003
 1.645000E+004  1.047000E-003
 1.650000E+004  5.522600E-003
 1.655000E+004  2.398000E-003
 1.660000E+004  8.416100E-003
 1.665000E+004  5.106300E-004
 1.670000E+004  6.138100E-003
 1.675000E+004  9.838100E-003
 1.680000E+004  4.363500E-003
 1.685000E+004  8.019200E-003
 1.690000E+004  2.360200E-003
 1.695000E+004  5.620800E-004
 1.700000E+004  9.174500E-003
 1.705000E+004  3.035100E-003
 1.710000E+004  6.137900E-003
 1.715000E+004  4.485600E-003
 1.720000E+004  2.222100E-003
 1.725000E+004  9.644600E-003
 1.730000E+004  6.364000E-004
 1.735000E+004  9.825800E-003
 1.740000E+004  7.934800E-003
 1.745000E+004  3.100200E-003
 1.750000E+004  9.114400E-003
 1.755000E+004  5.041700E-003
 1.760000E+004  8.471200E-003
 1.765000E+004  5.599200E-003
 1.770000E+004  6.014500E-003
 1.775000E+004  2.955900E-003
 1.780000E+004  7.612900E-003
 1.785000E+004  5.100500E-003
 1.790000E+004  1.529200E-003
 1.795000E+004  9.408400E-005
 1.800000E+004  5.720600E-003
 1.805000E+004  7.943800E-003
 1.810000E+004  7.836300E-003
 1.815000E+004  9.125300E-003
 1.820000E+004  9.524300E-003
 1.825000E+004  7.926300E-003
 1.830000E+004  5.853400E-003
 1.835000E+004  1.475500E-003
 1.840000E+004  7.804100E-003
 1.845000E+004  5.325500E-003
 1.850000E+004  8.284400E-003
 1.855000E+004  3.190500E-003
 1.860000E+004  6.926000E-003
 1.865000E+004  7.531000E-003
 1.870000E+004  5.634800E-003
 1.875000E+004  8.249200E-003
 1.880000E+004  3.933800E-003
 1.885000E+004  7.514900E-003
 1.890000E+004  3.658500E-003
 1.895000E+004  1.736500E-003
 1.900000E+004  4.135300E-004
 1.905000E+004  6.646900E-003
 1.910000E+004  2.440300E-003
 1.915000E+004  6.980000E-003
 1.920000E+004  1.701400E-003
 1.925000E+004  6.045700E-003
 1.930000E+004  1.150100E-003
 1.935000E+004  5.714800E-003
 1.940000E+004  2.061800E-003
 1.945000E+004  2.225400E-003
 1.950000E+004  7.255300E-005
 1.955000E+004  4.655000E-003
 1.960000E+004  4.845400E-003
 1.965000E+004  7.350900E-003
 1.970000E+004  5.499700E-003
 1.975000E+004  4.260400E-004
 1.980000E+004  5.406400E-003
 1.985000E+004  9.488600E-003
 1.990000E+004  8.885100E-004
 1.995000E+004  1.512700E-003
 2.000000E+004  1.250900E-003
 2.005000E+004  6.325600E-003
 2.010000E+004  6.480800E-003
 2.015000E+004  9.593000E-004
 2.020000E+004  3.963700E-003
 2.025000E+004  2.704800E-003
 2.030000E+004  1.979500E-003
 2.035000E+004  2.717200E-003
 2.040000E+004  8.966500E-003
 2.045000E+004  5.930500E-003
 2.050000E+004  7.989400E-003
 2.055000E+004  2.550100E-003
 2.060000E+004  1.509000E-003
 2.065000E+004  5.877100E-003
 2.070000E+004  6.140500E-003
 2.075000E+004  6.726500E-003
 2.080000E+004  6.222500E-003
 2.085000E+004  8.706400E-003
 2.090000E+004  1.135600E-003
 2.095000E+004  9.908000E-003
 2.100000E+004  9.585500E-003
 2.105000E+004  1.654000E-003
 2.110000E+004  1.908600E-003
 2.115000E+004  3.897800E-003
 2.120000E+004  8.327000E-003
 2.125000E+004  6.670300E-004
 2.130000E+004  9.341200E-004
 2.135000E+004  6.741100E-003
 2.140000E+004  5.790200E-003
 2.145000E+004  4.674100E-003
 2.150000E+004  5.041600E-003
 2.155000E+004  3.730000E-004
 2.160000E+004  4.417800E-003
 2.165000E+004  1.745200E-003
 2.170000E+004  1.288000E-003
 2.175000E+004  7.621800E-004
 2.180000E+004  4.557800E-003
 2.185000E+004  3.348500E-003
 2.190000E+004  6.985200E-003
 2.195000E+004  1.639200E-003
 2.200000E+004  5.770600E-003
 2.205000E+004  9.923100E-003
 2.210000E+004  9.088900E-003
 2.215000E+004  4.119800E-003
 2.220000E+004  4.388400E-003
 2.225000E+004  3.141300E-003
 2.230000E+004  7.393100E-003
 2.235000E+004  5.791400E-003
 2.240000E+004  6.167000E-003
 2.245000E+004  1.813400E-003
 2.250000E+004  8.396700E-004
 2.255000E+004  7.803700E-003
 2.260000E+004  2.236100E-003
 2.265000E+004  1.918600E-003
 2.270000E+004  7.166200E-004
 2.275000E+004  7.728500E-003
 2.280000E+004  4.923800E-003
 2.285000E+004  8.449300E-003
 2.290000E+004  5.995500E-003
 2.295000E+004  4.322600E-003
 2.300000E+004  6.094800E-003
 2.305000E+004  9.363000E-004
 2.310000E+004  5.924100E-003
 2.315000E+004  5.442700E-003
 2.320000E+004  6.891400E-003
 2.325000E+004  7.897800E-003
 2.330000E+004  3.954300E-003
 2.335000E+004  5.148900E-003
 2.340000E+004  3.084600E-003
 2.345000E+004  4.146400E-003
 2.350000E+004  9.362400E-003
 2.355000E+004  2.940300E-003
 2.360000E+004  9.068400E-003
 2.365000E+004  8.579900E-003
 2.370000E+004  1.647100E-003
 2.375000E+004  9.615300E-003
 2.380000E+004  9.015300E-003
 2.385000E+004  6.530000E-003
 2.390000E+004  8.995000E-003
 2.395000E+004  4.260500E-003
 2.400000E+004  2.971000E-003
 2.405000E+004  9.666100E-003
 2.410000E+004  7.262100E-003
 2.415000E+004  9.950800E-003
 2.420000E+004  8.766300E-003
 2.425000E+004  5.117100E-003
 2.430000E+004  5.919200E-003
 2.435000E+004  8.095700E-003
 2.440000E+004  5.822300E-003
 2.445000E+004  5.603900E-003
 2.450000E+004  8.954800E-004
 2.455000E+004  7.435100E-003
 2.460000E+004  2.629100E-003
 2.465000E+004  3.980100E-003
 2.470000E+004  5.149800E-003
 2.475000E+004  1.896900E-003
 2.480000E+004  9.679600E-003
 2.485000E+004  8.916100E-003
 2.490000E+004  6.013500E-003
 2.495000E+004  8.503200E-004
 2.500000E+004  2.247800E-007
 1.0000000000018848E+004 1630
 0.000000E+000  4.766700E-003
 5.000000E+001  8.669700E-003
 1.000000E+002  8.571000E-003
 1.500000E+002  8.051000E-003
 2.010642E+002  1.189092E+000
 2.554841E+002  4.388880E+000
 3.131855E+002  9.679785E+000
 3.711084E+002  1.621030E+001
 4.270146E+002  2.306581E+001
 4.810222E+002  2.979028E+001
 5.341340E+002  3.614076E+001
 5.871877E+002  4.187276E+001
 6.406647E+002  4.672184E+001
 6.947752E+002  5.045660E+001
 7.496626E+002  5.292973E+001
 8.054965E+002  5.408944E+001
 8.624450E+002  5.396589E+001
 9.206703E+002  5.264493E+001
 9.803585E+002  5.022458E+001
 1.041742E+003  4.676241E+001
 1.105105E+003  4.223230E+001
 1.144149E+003  3.895692E+001
 1.183298E+003  3.529878E+001
 1.217521E+003  3.179464E+001
 1.252384E+003  2.794151E+001
 1.311133E+003  2.086134E+001
 1.359075E+003  1.476433E+001
 1.406395E+003  8.747118E+000
 1.450337E+003  3.519586E+000
 1.497233E+003 -1.224071E+000
 1.535550E+003 -4.027801E+000
 1.576681E+003 -5.591738E+000
 1.616178E+003 -5.292704E+000
 1.655886E+003 -2.855174E+000
 1.690351E+003  1.274984E+000
 1.725196E+003  7.578325E+000
 1.782508E+003  2.313566E+001
 1.840795E+003  4.650633E+001
 1.894563E+003  7.550828E+001
 1.944269E+003  1.087260E+002
 1.993637E+003  1.466681E+002
 2.023072E+003  1.700694E+002
 2.055423E+003  1.952811E+002
 2.086977E+003  2.179456E+002
 2.125601E+003  2.415550E+002
 2.176943E+003  2.638901E+002
 2.215260E+003  2.730462E+002
 2.255492E+003  2.762749E+002
 2.291415E+003  2.737289E+002
 2.327902E+003  2.649548E+002
 2.362536E+003  2.476202E+002
 2.393865E+003  2.248228E+002
 2.442427E+003  1.798809E+002
 2.475955E+003  1.326928E+002
 2.489603E+003  9.697273E+001
 2.497772E+003  6.014569E+001
 2.500928E+003 -4.586915E+000
 2.494886E+003 -5.604402E+001
 2.483539E+003 -1.033351E+002
 2.461313E+003 -1.654307E+002
 2.442384E+003 -2.083999E+002
 2.421606E+003 -2.512761E+002
 2.402089E+003 -2.907224E+002
 2.383995E+003 -3.290846E+002
 2.367683E+003 -3.681511E+002
 2.352382E+003 -4.148037E+002
 2.340800E+003 -4.812538E+002
 2.340624E+003 -5.150824E+002
 2.344757E+003 -5.486671E+002
 2.363946E+003 -6.060016E+002
 2.400224E+003 -6.585329E+002
 2.438083E+003 -6.903422E+002
 2.483714E+003 -7.129145E+002
 2.549058E+003 -7.253589E+002
 2.586190E+003 -7.248210E+002
 2.621866E+003 -7.195596E+002
 2.661133E+003 -7.084583E+002
 2.698880E+003 -6.921264E+002
 2.744597E+003 -6.635598E+002
 2.779105E+003 -6.341787E+002
 2.809313E+003 -6.010300E+002
 2.830913E+003 -5.714579E+002
 2.849831E+003 -5.397720E+002
 2.875610E+003 -4.819616E+002
 2.887246E+003 -4.460824E+002
 2.895912E+003 -4.108229E+002
 2.902821E+003 -3.706312E+002
 2.906910E+003 -3.300741E+002
 2.908331E+003 -2.920178E+002
 2.907594E+003 -2.544657E+002
 2.902692E+003 -1.976238E+002
 2.894941E+003 -1.470546E+002
 2.881326E+003 -8.349166E+001
 2.865938E+003 -2.399720E+001
 2.850219E+003  3.330516E+001
 2.835623E+003  9.023325E+001
 2.824331E+003  1.468533E+002
 2.820095E+003  1.824557E+002
 2.818664E+003  2.219855E+002
 2.824853E+003  2.824917E+002
 2.836415E+003  3.222319E+002
 2.865981E+003  3.785352E+002
 2.907924E+003  4.268770E+002
 2.959602E+003  4.645927E+002
 2.992576E+003  4.805797E+002
 3.027218E+003  4.922090E+002
 3.088807E+003  5.018014E+002
 3.137094E+003  4.997354E+002
 3.181582E+003  4.904390E+002
 3.228725E+003  4.723642E+002
 3.271336E+003  4.477387E+002
 3.312799E+003  4.144244E+002
 3.349047E+003  3.752315E+002
 3.381736E+003  3.279566E+002
 3.406374E+003  2.802022E+002
 3.422911E+003  2.379552E+002
 3.435693E+003  1.948262E+002
 3.448223E+003  1.319227E+002
 3.454375E+003  7.920430E+001
 3.457250E+003  3.318233E+001
 3.458395E+003 -8.174167E+000
 3.458692E+003 -4.584389E+001
 3.458698E+003 -8.324067E+001
 3.459101E+003 -1.503381E+002
 3.462329E+003 -2.094782E+002
 3.471777E+003 -2.739556E+002
 3.486551E+003 -3.265912E+002
 3.504978E+003 -3.698075E+002
 3.539427E+003 -4.253335E+002
 3.569614E+003 -4.614172E+002
 3.599760E+003 -4.913273E+002
 3.629125E+003 -5.172977E+002
 3.656492E+003 -5.404870E+002
 3.697379E+003 -5.763373E+002
 3.720063E+003 -6.000471E+002
 3.745761E+003 -6.337623E+002
 3.764045E+003 -6.683128E+002
 3.776931E+003 -7.120631E+002
 3.777852E+003 -7.722676E+002
 3.761472E+003 -8.283902E+002
 3.742860E+003 -8.624831E+002
 3.720509E+003 -8.923774E+002
 3.689483E+003 -9.251723E+002
 3.653742E+003 -9.585022E+002
 3.620077E+003 -9.923641E+002
 3.586381E+003 -1.040166E+003
 3.572969E+003 -1.077739E+003
 3.570482E+003 -1.128523E+003
 3.588046E+003 -1.181779E+003
 3.628411E+003 -1.228521E+003
 3.674836E+003 -1.254324E+003
 3.725166E+003 -1.265507E+003
 3.767158E+003 -1.265157E+003
 3.807375E+003 -1.257615E+003
 3.857140E+003 -1.238997E+003
 3.899266E+003 -1.215737E+003
 3.949481E+003 -1.179574E+003
 3.987671E+003 -1.147726E+003
 4.021447E+003 -1.117858E+003
 4.058639E+003 -1.084683E+003
 4.095623E+003 -1.052856E+003
 4.122825E+003 -1.030702E+003
 4.150840E+003 -1.009099E+003
 4.203469E+003 -9.716880E+002
 4.241898E+003 -9.462321E+002
 4.279449E+003 -9.221818E+002
 4.308996E+003 -9.032880E+002
 4.338467E+003 -8.840543E+002
 4.382314E+003 -8.538794E+002
 4.421751E+003 -8.238082E+002
 4.450494E+003 -7.993322E+002
 4.477568E+003 -7.737313E+002
 4.508125E+003 -7.411408E+002
 4.534254E+003 -7.095049E+002
 4.571387E+003 -6.572124E+002
 4.592246E+003 -6.239341E+002
 4.612679E+003 -5.886049E+002
 4.642359E+003 -5.332862E+002
 4.658663E+003 -5.022858E+002
 4.687659E+003 -4.477518E+002
 4.720298E+003 -3.910508E+002
 4.743859E+003 -3.546206E+002
 4.770384E+003 -3.180763E+002
 4.797960E+003 -2.848431E+002
 4.832507E+003 -2.492883E+002
 4.884550E+003 -2.066041E+002
 4.923025E+003 -1.824236E+002
 4.963739E+003 -1.626672E+002
 5.001913E+003 -1.490883E+002
 5.044262E+003 -1.392135E+002
 5.111017E+003 -1.341444E+002
 5.156572E+003 -1.380398E+002
 5.199899E+003 -1.474831E+002
 5.245952E+003 -1.641446E+002
 5.288754E+003 -1.865235E+002
 5.323365E+003 -2.103707E+002
 5.355571E+003 -2.385694E+002
 5.382207E+003 -2.680125E+002
 5.406119E+003 -2.992524E+002
 5.425632E+003 -3.274275E+002
 5.444068E+003 -3.564605E+002
 5.472683E+003 -4.079053E+002
 5.491985E+003 -4.491764E+002
 5.507668E+003 -4.857514E+002
 5.522338E+003 -5.212384E+002
 5.535450E+003 -5.526464E+002
 5.552537E+003 -5.913435E+002
 5.571956E+003 -6.302747E+002
 5.599837E+003 -6.763892E+002
 5.636786E+003 -7.223146E+002
 5.668265E+003 -7.508617E+002
 5.707720E+003 -7.766166E+002
 5.767326E+003 -7.992207E+002
 5.814046E+003 -8.055072E+002
 5.860094E+003 -8.027906E+002
 5.899239E+003 -7.935102E+002
 5.937970E+003 -7.774770E+002
 5.967114E+003 -7.602043E+002
 5.993963E+003 -7.395492E+002
 6.023085E+003 -7.106281E+002
 6.047509E+003 -6.789687E+002
 6.065500E+003 -6.491041E+002
 6.080376E+003 -6.176132E+002
 6.095200E+003 -5.746038E+002
 6.104626E+003 -5.322243E+002
 6.109167E+003 -4.959204E+002
 6.110759E+003 -4.591916E+002
 6.107257E+003 -3.982504E+002
 6.096199E+003 -3.344620E+002
 6.086704E+003 -2.974792E+002
 6.075740E+003 -2.624922E+002
 6.061620E+003 -2.241220E+002
 6.045836E+003 -1.866142E+002
 6.029642E+003 -1.520080E+002
 6.012534E+003 -1.184724E+002
 5.982561E+003 -6.515950E+001
 5.950623E+003 -1.384878E+001
 5.915884E+003  3.703297E+001
 5.895119E+003  6.535059E+001
 5.873866E+003  9.285750E+001
 5.848915E+003  1.233530E+002
 5.822743E+003  1.533353E+002
 5.780108E+003  1.980279E+002
 5.736933E+003  2.382976E+002
 5.688037E+003  2.785363E+002
 5.660546E+003  2.987674E+002
 5.632246E+003  3.178623E+002
 5.589405E+003  3.435006E+002
 5.529308E+003  3.729542E+002
 5.467521E+003  3.954629E+002
 5.407017E+003  4.101277E+002
 5.352049E+003  4.173634E+002
 5.297869E+003  4.190205E+002
 5.231349E+003  4.138630E+002
 5.182256E+003  4.053236E+002
 5.122363E+003  3.899054E+002
 5.083771E+003  3.777081E+002
 5.038216E+003  3.616263E+002
 5.003098E+003  3.487211E+002
 4.961378E+003  3.335926E+002
 4.926767E+003  3.220449E+002
 4.886494E+003  3.105300E+002
 4.849812E+003  3.026260E+002
 4.809838E+003  2.974735E+002
 4.772250E+003  2.965327E+002
 4.731658E+003  3.003737E+002
 4.687062E+003  3.113532E+002
 4.643101E+003  3.306420E+002
 4.606603E+003  3.550262E+002
 4.572933E+003  3.872818E+002
 4.550833E+003  4.165081E+002
 4.532878E+003  4.486550E+002
 4.515988E+003  4.945721E+002
 4.507257E+003  5.421881E+002
 4.507445E+003  6.036311E+002
 4.512779E+003  6.378400E+002
 4.521538E+003  6.711284E+002
 4.538255E+003  7.143032E+002
 4.558666E+003  7.529725E+002
 4.578851E+003  7.836853E+002
 4.601624E+003  8.128213E+002
 4.643843E+003  8.567247E+002
 4.671832E+003  8.807698E+002
 4.701230E+003  9.026937E+002
 4.757928E+003  9.372642E+002
 4.793622E+003  9.547897E+002
 4.829075E+003  9.694209E+002
 4.878225E+003  9.856458E+002
 4.927268E+003  9.976779E+002
 4.961730E+003  1.003904E+003
 4.996347E+003  1.008438E+003
 5.047866E+003  1.012203E+003
 5.095899E+003  1.012765E+003
 5.137639E+003  1.011098E+003
 5.179342E+003  1.007526E+003
 5.215404E+003  1.002953E+003
 5.251481E+003  9.970230E+002
 5.303999E+003  9.859690E+002
 5.351708E+003  9.734050E+002
 5.401034E+003  9.578016E+002
 5.447990E+003  9.403666E+002
 5.489621E+003  9.227059E+002
 5.528977E+003  9.040323E+002
 5.559870E+003  8.880007E+002
 5.590162E+003  8.710996E+002
 5.626934E+003  8.490310E+002
 5.660638E+003  8.274098E+002
 5.690720E+003  8.071220E+002
 5.738710E+003  7.731781E+002
 5.776087E+003  7.461956E+002
 5.826667E+003  7.100768E+002
 5.869736E+003  6.813547E+002
 5.907755E+003  6.585958E+002
 5.951769E+003  6.361257E+002
 5.998980E+003  6.175105E+002
 6.056594E+003  6.032445E+002
 6.118706E+003  5.991660E+002
 6.153106E+003  6.024104E+002
 6.187009E+003  6.098002E+002
 6.238149E+003  6.300406E+002
 6.284096E+003  6.601937E+002
 6.319957E+003  6.953603E+002
 6.349397E+003  7.374237E+002
 6.373699E+003  7.925356E+002
 6.386330E+003  8.488035E+002
 6.389095E+003  8.991813E+002
 6.384785E+003  9.482918E+002
 6.376692E+003  9.872226E+002
 6.365119E+003  1.024390E+003
 6.347507E+003  1.066194E+003
 6.327004E+003  1.104392E+003
 6.299424E+003  1.146127E+003
 6.269445E+003  1.183817E+003
 6.241955E+003  1.213605E+003
 6.213114E+003  1.241186E+003
 6.176040E+003  1.272318E+003
 6.138749E+003  1.299742E+003
 6.089246E+003  1.331325E+003
 6.040019E+003  1.358477E+003
 5.998923E+003  1.378701E+003
 5.943147E+003  1.403598E+003
 5.890509E+003  1.425994E+003
 5.838929E+003  1.448700E+003
 5.795338E+003  1.470294E+003
 5.756028E+003  1.493365E+003
 5.708015E+003  1.529382E+003
 5.677310E+003  1.560781E+003
 5.648737E+003  1.601465E+003
 5.624254E+003  1.661599E+003
 5.618096E+003  1.722363E+003
 5.625117E+003  1.761662E+003
 5.638517E+003  1.798791E+003
 5.670610E+003  1.857452E+003
 5.709604E+003  1.902565E+003
 5.761034E+003  1.936622E+003
 5.815270E+003  1.957881E+003
 5.860048E+003  1.967140E+003
 5.904966E+003  1.970014E+003
 5.940480E+003  1.968261E+003
 5.975803E+003  1.963216E+003
 6.036742E+003  1.946860E+003
 6.087959E+003  1.925414E+003
 6.141186E+003  1.895143E+003
 6.170917E+003  1.874843E+003
 6.198908E+003  1.853476E+003
 6.229409E+003  1.827742E+003
 6.258922E+003  1.800562E+003
 6.306376E+003  1.752871E+003
 6.335139E+003  1.723780E+003
 6.376813E+003  1.683508E+003
 6.426856E+003  1.641895E+003
 6.457275E+003  1.621985E+003
 6.489821E+003  1.605474E+003
 6.525378E+003  1.593319E+003
 6.566934E+003  1.586894E+003
 6.624511E+003  1.592235E+003
 6.684119E+003  1.618647E+003
 6.731572E+003  1.664036E+003
 6.761775E+003  1.722811E+003
 6.772458E+003  1.781381E+003
 6.768319E+003  1.839465E+003
 6.747921E+003  1.903474E+003
 6.718743E+003  1.956070E+003
 6.679889E+003  2.006835E+003
 6.646654E+003  2.044089E+003
 6.623072E+003  2.069946E+003
 6.597414E+003  2.099426E+003
 6.577080E+003  2.125988E+003
 6.552522E+003  2.166631E+003
 6.537160E+003  2.207288E+003
 6.530628E+003  2.260833E+003
 6.542128E+003  2.319157E+003
 6.577728E+003  2.376010E+003
 6.626784E+003  2.413557E+003
 6.684892E+003  2.433818E+003
 6.751728E+003  2.436362E+003
 6.811114E+003  2.423298E+003
 6.856761E+003  2.403952E+003
 6.896996E+003  2.380109E+003
 6.947550E+003  2.340951E+003
 6.989534E+003  2.301829E+003
 7.033973E+003  2.255889E+003
 7.074126E+003  2.213376E+003
 7.102714E+003  2.184011E+003
 7.131744E+003  2.155567E+003
 7.156906E+003  2.132298E+003
 7.182910E+003  2.109653E+003
 7.228127E+003  2.073484E+003
 7.271515E+003  2.041899E+003
 7.308621E+003  2.016531E+003
 7.344619E+003  1.992707E+003
 7.384252E+003  1.966609E+003
 7.439660E+003  1.928805E+003
 7.491939E+003  1.889376E+003
 7.539643E+003  1.848175E+003
 7.564743E+003  1.823801E+003
 7.588784E+003  1.798364E+003
 7.627611E+003  1.752196E+003
 7.661136E+003  1.706675E+003
 7.684097E+003  1.672317E+003
 7.705464E+003  1.638016E+003
 7.731678E+003  1.593045E+003
 7.758875E+003  1.543602E+003
 7.778009E+003  1.507552E+003
 7.798182E+003  1.468645E+003
 7.819014E+003  1.427665E+003
 7.839046E+003  1.387509E+003
 7.859763E+003  1.345063E+003
 7.885370E+003  1.290839E+003
 7.909687E+003  1.236596E+003
 7.927349E+003  1.194717E+003
 7.946996E+003  1.144791E+003
 7.961704E+003  1.104421E+003
 7.977335E+003  1.058051E+003
 7.990590E+003  1.015633E+003
 8.004837E+003  9.669835E+002
 8.018396E+003  9.189375E+002
 8.034407E+003  8.629004E+002
 8.050478E+003  8.116504E+002
 8.071015E+003  7.561809E+002
 8.098039E+003  6.991877E+002
 8.117961E+003  6.663966E+002
 8.142028E+003  6.340327E+002
 8.166990E+003  6.068860E+002
 8.196273E+003  5.814223E+002
 8.245253E+003  5.505015E+002
 8.300262E+003  5.293640E+002
 8.353858E+003  5.200510E+002
 8.408678E+003  5.208444E+002
 8.454574E+003  5.293214E+002
 8.499536E+003  5.448522E+002
 8.556072E+003  5.758328E+002
 8.603415E+003  6.136085E+002
 8.639727E+003  6.521149E+002
 8.670707E+003  6.939151E+002
 8.702604E+003  7.496114E+002
 8.726993E+003  8.057927E+002
 8.738227E+003  8.379447E+002
 8.747906E+003  8.705245E+002
 8.760990E+003  9.258191E+002
 8.769258E+003  9.718215E+002
 8.774849E+003  1.011529E+003
 8.779773E+003  1.056217E+003
 8.784894E+003  1.117676E+003
 8.787543E+003  1.152518E+003
 8.791387E+003  1.200801E+003
 8.794759E+003  1.234847E+003
 8.800264E+003  1.277429E+003
 8.808422E+003  1.321923E+003
 8.824065E+003  1.378697E+003
 8.843963E+003  1.426139E+003
 8.874080E+003  1.474988E+003
 8.915118E+003  1.519058E+003
 8.971335E+003  1.556086E+003
 9.031417E+003  1.576161E+003
 9.079156E+003  1.580927E+003
 9.125393E+003  1.576900E+003
 9.164315E+003  1.566440E+003
 9.218232E+003  1.536734E+003
 9.266189E+003  1.501742E+003
 9.308517E+003  1.462028E+003
 9.343814E+003  1.408638E+003
 9.362929E+003  1.368128E+003
 9.376955E+003  1.327527E+003
 9.385757E+003  1.291031E+003
 9.391466E+003  1.253433E+003
 9.394103E+003  1.190368E+003
 9.389196E+003  1.130354E+003
 9.377024E+003  1.069310E+003
 9.359820E+003  1.014213E+003
 9.341219E+003  9.690837E+002
 9.319510E+003  9.260684E+002
 9.301517E+003  8.953790E+002
 9.282130E+003  8.659015E+002
 9.257921E+003  8.330569E+002
 9.232405E+003  8.021222E+002
 9.189526E+003  7.566457E+002
 9.145782E+003  7.165912E+002
 9.116619E+003  6.926668E+002
 9.086677E+003  6.700513E+002
 9.033025E+003  6.337388E+002
 8.996708E+003  6.117037E+002
 8.961146E+003  5.918479E+002
 8.908976E+003  5.654251E+002
 8.867788E+003  5.465008E+002
 8.830817E+003  5.307706E+002
 8.796358E+003  5.170315E+002
 8.746824E+003  4.985906E+002
 8.705772E+003  4.841163E+002
 8.674484E+003  4.733525E+002
 8.635491E+003  4.600138E+002
 8.604488E+003  4.491713E+002
 8.571925E+003  4.372846E+002
 8.525162E+003  4.187000E+002
 8.469944E+003  3.927103E+002
 8.430248E+003  3.693868E+002
 8.387768E+003  3.378862E+002
 8.362789E+003  3.144543E+002
 8.340158E+003  2.884270E+002
 8.312848E+003  2.467060E+002
 8.292897E+003  1.999466E+002
 8.282280E+003  1.526538E+002
 8.280451E+003  1.027668E+002
 8.287252E+003  5.600809E+001
 8.302397E+003  1.010867E+001
 8.329686E+003 -3.948323E+001
 8.365742E+003 -8.310183E+001
 8.414900E+003 -1.239861E+002
 8.467869E+003 -1.541137E+002
 8.517298E+003 -1.732683E+002
 8.568334E+003 -1.859471E+002
 8.634467E+003 -1.934098E+002
 8.701697E+003 -1.920818E+002
 8.768346E+003 -1.826867E+002
 8.812029E+003 -1.723233E+002
 8.847282E+003 -1.615000E+002
 8.881692E+003 -1.487573E+002
 8.923799E+003 -1.301085E+002
 8.963571E+003 -1.092376E+002
 8.993338E+003 -9.142744E+001
 9.022281E+003 -7.220487E+001
 9.068377E+003 -3.744526E+001
 9.105030E+003 -6.112843E+000
 9.135983E+003  2.286362E+001
 9.165155E+003  5.210837E+001
 9.206890E+003  9.661579E+001
 9.246616E+003  1.400379E+002
 9.289187E+003  1.851195E+002
 9.337552E+003  2.312011E+002
 9.390455E+003  2.726349E+002
 9.438559E+003  3.014888E+002
 9.496993E+003  3.260568E+002
 9.533084E+003  3.359059E+002
 9.569651E+003  3.420922E+002
 9.612788E+003  3.448128E+002
 9.677373E+003  3.403985E+002
 9.725787E+003  3.317589E+002
 9.770848E+003  3.208412E+002
 9.803246E+003  3.123196E+002
 9.834828E+003  3.042316E+002
 9.872952E+003  2.958252E+002
 9.909998E+003  2.904259E+002
 9.957553E+003  2.892064E+002
 9.995051E+003  2.944452E+002
 1.003541E+004  3.079648E+002
 1.007988E+004  3.368029E+002
 1.010625E+004  3.661011E+002
 1.012648E+004  4.008583E+002
 1.014554E+004  4.655357E+002
 1.014597E+004  5.295112E+002
 1.012747E+004  5.927329E+002
 1.009648E+004  6.461389E+002
 1.007316E+004  6.743673E+002
 1.004715E+004  6.995115E+002
 9.996942E+003  7.365140E+002
 9.966275E+003  7.546561E+002
 9.935236E+003  7.706449E+002
 9.881892E+003  7.943124E+002
 9.835983E+003  8.132120E+002
 9.800038E+003  8.285169E+002
 9.762770E+003  8.461007E+002
 9.718178E+003  8.716670E+002
 9.672401E+003  9.077599E+002
 9.645929E+003  9.376741E+002
 9.622168E+003  9.767381E+002
 9.608691E+003  1.013355E+003
 9.602169E+003  1.053557E+003
 9.605016E+003  1.101473E+003
 9.621034E+003  1.151133E+003
 9.659083E+003  1.206243E+003
 9.684413E+003  1.230200E+003
 9.712338E+003  1.250449E+003
 9.745625E+003  1.268775E+003
 9.780390E+003  1.282548E+003
 9.827966E+003  1.294172E+003
 9.884664E+003  1.299564E+003
 9.951215E+003  1.297592E+003
 1.000603E+004  1.293075E+003
 1.005662E+004  1.290497E+003
 1.009316E+004  1.292743E+003
 1.012959E+004  1.298400E+003
 1.016502E+004  1.307903E+003
 1.020118E+004  1.326563E+003
 1.023542E+004  1.356395E+003
 1.026003E+004  1.391414E+003
 1.027883E+004  1.430037E+003
 1.031119E+004  1.466601E+003
 1.034589E+004  1.482224E+003
 1.038683E+004  1.477710E+003
 1.041959E+004  1.427711E+003
 1.043914E+004  1.366622E+003
 1.044595E+004  1.332049E+003
 1.045114E+004  1.298222E+003
 1.046007E+004  1.235420E+003
 1.047105E+004  1.178102E+003
 1.048032E+004  1.143728E+003
 1.049332E+004  1.107020E+003
 1.052320E+004  1.048356E+003
 1.056121E+004  9.987470E+002
 1.060543E+004  9.584094E+002
 1.065158E+004  9.284425E+002
 1.069616E+004  9.078749E+002
 1.073961E+004  8.940814E+002
 1.077776E+004  8.861672E+002
 1.081628E+004  8.815076E+002
 1.088016E+004  8.796411E+002
 1.091637E+004  8.800864E+002
 1.095163E+004  8.807795E+002
 1.101624E+004  8.804992E+002
 1.107413E+004  8.733747E+002
 1.111251E+004  8.619692E+002
 1.114730E+004  8.450634E+002
 1.118251E+004  8.185230E+002
 1.120821E+004  7.889116E+002
 1.122846E+004  7.522070E+002
 1.124258E+004  6.959414E+002
 1.123996E+004  6.375332E+002
 1.122381E+004  5.865286E+002
 1.119644E+004  5.406958E+002
 1.117119E+004  5.118211E+002
 1.114230E+004  4.867761E+002
 1.108759E+004  4.533844E+002
 1.104609E+004  4.355825E+002
 1.100647E+004  4.226313E+002
 1.094143E+004  4.068272E+002
 1.090544E+004  3.984576E+002
 1.086981E+004  3.896887E+002
 1.080614E+004  3.709885E+002
 1.075209E+004  3.475456E+002
 1.071243E+004  3.190142E+002
 1.067234E+004  2.687045E+002
 1.065716E+004  2.316604E+002
 1.065060E+004  1.913517E+002
 1.065458E+004  1.444437E+002
 1.067129E+004  9.793791E+001
 1.070782E+004  4.767645E+001
 1.075558E+004  1.080684E+001
 1.080093E+004 -9.911697E+000
 1.084751E+004 -2.168147E+001
 1.090786E+004 -2.607797E+001
 1.095990E+004 -2.234110E+001
 1.100417E+004 -1.499528E+001
 1.104432E+004 -6.075830E+000
 1.108243E+004  3.357620E+000
 1.112015E+004  1.255801E+001
 1.116272E+004  2.128763E+001
 1.120351E+004  2.613753E+001
 1.125270E+004  2.542879E+001
 1.130861E+004  1.280999E+001
 1.135523E+004 -1.128865E+001
 1.139686E+004 -4.980524E+001
 1.142436E+004 -9.359553E+001
 1.144107E+004 -1.433555E+002
 1.144622E+004 -1.780910E+002
 1.144732E+004 -2.128944E+002
 1.144319E+004 -2.661962E+002
 1.143511E+004 -3.243913E+002
 1.143145E+004 -3.740860E+002
 1.143677E+004 -4.257730E+002
 1.145445E+004 -4.696450E+002
 1.148850E+004 -5.077367E+002
 1.154969E+004 -5.335410E+002
 1.159437E+004 -5.353502E+002
 1.163633E+004 -5.261586E+002
 1.168099E+004 -5.038861E+002
 1.172100E+004 -4.687329E+002
 1.175677E+004 -4.121532E+002
 1.177454E+004 -3.553065E+002
 1.177990E+004 -2.957808E+002
 1.177580E+004 -2.430045E+002
 1.176513E+004 -1.914900E+002
 1.175001E+004 -1.428020E+002
 1.173774E+004 -1.104306E+002
 1.172439E+004 -7.887787E+001
 1.170379E+004 -3.414902E+001
 1.167762E+004  2.100755E+001
 1.166004E+004  6.120662E+001
 1.164475E+004  1.016605E+002
 1.163457E+004  1.353234E+002
 1.162678E+004  1.704136E+002
 1.162074E+004  2.352402E+002
 1.162703E+004  2.950282E+002
 1.164553E+004  3.495868E+002
 1.166850E+004  3.881059E+002
 1.169890E+004  4.220818E+002
 1.173140E+004  4.470668E+002
 1.176877E+004  4.665006E+002
 1.180452E+004  4.781702E+002
 1.184215E+004  4.844237E+002
 1.189621E+004  4.837918E+002
 1.194636E+004  4.735827E+002
 1.198860E+004  4.575959E+002
 1.202850E+004  4.356880E+002
 1.207860E+004  3.971313E+002
 1.211857E+004  3.558067E+002
 1.215624E+004  3.062110E+002
 1.218232E+004  2.656470E+002
 1.220169E+004  2.328917E+002
 1.221979E+004  2.014167E+002
 1.223762E+004  1.710283E+002
 1.225579E+004  1.421812E+002
 1.227683E+004  1.125454E+002
 1.230830E+004  7.628650E+001
 1.233544E+004  5.260579E+001
 1.236888E+004  3.183890E+001
 1.242533E+004  1.572298E+001
 1.248862E+004  1.219005E+001
 1.252428E+004  1.585034E+001
 1.255922E+004  2.672082E+001
 1.260714E+004  6.377366E+001
 1.263058E+004  8.989692E+001
 1.265093E+004  1.178773E+002
 1.267114E+004  1.522069E+002
 1.268632E+004  1.895277E+002
 1.269493E+004  2.330862E+002
 1.269675E+004  2.758586E+002
 1.268854E+004  3.414009E+002
 1.267645E+004  3.854203E+002
 1.266199E+004  4.241698E+002
 1.263983E+004  4.724077E+002
 1.261968E+004  5.115365E+002
 1.260091E+004  5.468377E+002
 1.258441E+004  5.789730E+002
 1.256139E+004  6.298006E+002
 1.254341E+004  6.886850E+002
 1.253828E+004  7.282999E+002
 1.254012E+004  7.748881E+002
 1.255795E+004  8.364776E+002
 1.257704E+004  8.696399E+002
 1.260220E+004  8.991467E+002
 1.262971E+004  9.218173E+002
 1.266095E+004  9.399112E+002
 1.271123E+004  9.570919E+002
 1.276039E+004  9.630646E+002
 1.280156E+004  9.612300E+002
 1.284216E+004  9.538987E+002
 1.290471E+004  9.325226E+002
 1.294670E+004  9.126287E+002
 1.298328E+004  8.925110E+002
 1.301934E+004  8.711921E+002
 1.305558E+004  8.495596E+002
 1.309206E+004  8.288540E+002
 1.313119E+004  8.089175E+002
 1.316657E+004  7.934433E+002
 1.320553E+004  7.792367E+002
 1.324396E+004  7.677822E+002
 1.328106E+004  7.584986E+002
 1.333327E+004  7.469547E+002
 1.338782E+004  7.334128E+002
 1.344052E+004  7.145512E+002
 1.348406E+004  6.906434E+002
 1.352305E+004  6.583658E+002
 1.354721E+004  6.294601E+002
 1.356717E+004  5.958153E+002
 1.358053E+004  5.630731E+002
 1.358978E+004  5.285219E+002
 1.359708E+004  4.676239E+002
 1.359833E+004  4.069182E+002
 1.360003E+004  3.479548E+002
 1.360807E+004  2.919971E+002
 1.362866E+004  2.344865E+002
 1.365823E+004  1.903105E+002
 1.369860E+004  1.537557E+002
 1.374061E+004  1.302288E+002
 1.378573E+004  1.153566E+002
 1.382625E+004  1.086692E+002
 1.386693E+004  1.069758E+002
 1.392983E+004  1.123383E+002
 1.398364E+004  1.222625E+002
 1.403332E+004  1.343191E+002
 1.409446E+004  1.515129E+002
 1.413007E+004  1.621927E+002
 1.416408E+004  1.727186E+002
 1.420242E+004  1.849033E+002
 1.424219E+004  1.978315E+002
 1.427590E+004  2.089579E+002
 1.431170E+004  2.208262E+002
 1.434483E+004  2.316734E+002
 1.438185E+004  2.433497E+002
 1.441723E+004  2.536571E+002
 1.445772E+004  2.638681E+002
 1.449228E+004  2.706588E+002
 1.452992E+004  2.755304E+002
 1.459367E+004  2.765261E+002
 1.464940E+004  2.677344E+002
 1.470549E+004  2.475004E+002
 1.475168E+004  2.195356E+002
 1.479063E+004  1.845818E+002
 1.481968E+004  1.479133E+002
 1.484320E+004  1.064762E+002
 1.485679E+004  7.337378E+001
 1.486690E+004  3.939455E+001
 1.487454E+004  2.214481E-001
 1.487863E+004 -3.875211E+001
 1.487896E+004 -1.051082E+002
 1.487370E+004 -1.634289E+002
 1.486387E+004 -2.208822E+002
 1.485040E+004 -2.754871E+002
 1.483505E+004 -3.232936E+002
 1.481594E+004 -3.709445E+002
 1.479938E+004 -4.052864E+002
 1.478038E+004 -4.390969E+002
 1.476134E+004 -4.684056E+002
 1.474020E+004 -4.967234E+002
 1.470423E+004 -5.370819E+002
 1.466569E+004 -5.718458E+002
 1.463381E+004 -5.951714E+002
 1.458110E+004 -6.247865E+002
 1.452784E+004 -6.491378E+002
 1.447446E+004 -6.688285E+002
 1.442055E+004 -6.831603E+002
 1.437377E+004 -6.931418E+002
 1.431362E+004 -7.043380E+002
 1.426018E+004 -7.148485E+002
 1.422790E+004 -7.225194E+002
 1.419244E+004 -7.327670E+002
 1.414471E+004 -7.510322E+002
 1.408933E+004 -7.825993E+002
 1.405469E+004 -8.124921E+002
 1.402804E+004 -8.449020E+002
 1.400688E+004 -8.814969E+002
 1.399341E+004 -9.155295E+002
 1.398442E+004 -9.522544E+002
 1.398096E+004 -1.014194E+003
 1.398954E+004 -1.065669E+003
 1.400753E+004 -1.113447E+003
 1.404179E+004 -1.167074E+003
 1.406745E+004 -1.195103E+003
 1.409534E+004 -1.219047E+003
 1.412869E+004 -1.241557E+003
 1.416319E+004 -1.259622E+003
 1.420298E+004 -1.275264E+003
 1.424478E+004 -1.286761E+003
 1.430291E+004 -1.295607E+003
 1.434468E+004 -1.297485E+003
 1.438537E+004 -1.295960E+003
 1.442124E+004 -1.291966E+003
 1.445654E+004 -1.285588E+003
 1.449524E+004 -1.275634E+003
 1.455216E+004 -1.254797E+003
 1.460589E+004 -1.230453E+003
 1.465658E+004 -1.202985E+003
 1.471007E+004 -1.166357E+003
 1.475028E+004 -1.133822E+003
 1.478608E+004 -1.100780E+003
 1.481496E+004 -1.070879E+003
 1.484194E+004 -1.040002E+003
 1.487201E+004 -1.001745E+003
 1.489885E+004 -9.636002E+002
 1.492026E+004 -9.298706E+002
 1.494056E+004 -8.946016E+002
 1.496981E+004 -8.364165E+002
 1.498436E+004 -8.031627E+002
 1.499740E+004 -7.700619E+002
 1.501077E+004 -7.317627E+002
 1.502249E+004 -6.931919E+002
 1.503775E+004 -6.316826E+002
 1.504883E+004 -5.725159E+002
 1.505413E+004 -5.354439E+002
 1.505826E+004 -4.983207E+002
 1.506282E+004 -4.334116E+002
 1.506418E+004 -3.898217E+002
 1.506429E+004 -3.472391E+002
 1.506353E+004 -3.127093E+002
 1.506207E+004 -2.782685E+002
 1.505951E+004 -2.384598E+002
 1.505611E+004 -1.993124E+002
 1.504889E+004 -1.368102E+002
 1.504312E+004 -9.680987E+001
 1.503653E+004 -5.738684E+001
 1.503016E+004 -2.354028E+001
 1.502312E+004  1.028463E+001
 1.500977E+004  6.719093E+001
 1.499998E+004  1.046066E+002
 1.498972E+004  1.409860E+002
 1.497753E+004  1.813942E+002
 1.496027E+004  2.348032E+002
 1.494674E+004  2.747208E+002
 1.492943E+004  3.243709E+002
 1.490997E+004  3.798954E+002
 1.489809E+004  4.148049E+002
 1.488613E+004  4.515011E+002
 1.487239E+004  4.971646E+002
 1.485886E+004  5.495023E+002
 1.484959E+004  5.956354E+002
 1.484467E+004  6.298424E+002
 1.484156E+004  6.650754E+002
 1.484164E+004  7.302568E+002
 1.485017E+004  7.916945E+002
 1.486028E+004  8.293896E+002
 1.487439E+004  8.662795E+002
 1.489881E+004  9.119015E+002
 1.493200E+004  9.558325E+002
 1.498102E+004  1.000692E+003
 1.501601E+004  1.023458E+003
 1.505263E+004  1.041242E+003
 1.510007E+004  1.056811E+003
 1.514790E+004  1.065251E+003
 1.520063E+004  1.067040E+003
 1.525237E+004  1.061656E+003
 1.529753E+004  1.051346E+003
 1.534024E+004  1.036748E+003
 1.537623E+004  1.020713E+003
 1.541118E+004  1.001725E+003
 1.546266E+004  9.671712E+002
 1.550819E+004  9.296161E+002
 1.555168E+004  8.868358E+002
 1.559003E+004  8.427078E+002
 1.562593E+004  7.948960E+002
 1.565828E+004  7.450840E+002
 1.567747E+004  7.117330E+002
 1.569495E+004  6.781795E+002
 1.571674E+004  6.308152E+002
 1.573480E+004  5.850146E+002
 1.574887E+004  5.431233E+002
 1.576078E+004  5.009774E+002
 1.577192E+004  4.517756E+002
 1.578033E+004  4.017244E+002
 1.578708E+004  3.355187E+002
 1.578905E+004  2.741291E+002
 1.578843E+004  2.402501E+002
 1.578663E+004  2.064107E+002
 1.577963E+004  1.394020E+002
 1.577239E+004  9.374798E+001
 1.576401E+004  5.157464E+001
 1.575304E+004  5.232034E+000
 1.573769E+004 -5.044731E+001
 1.571851E+004 -1.122385E+002
 1.570290E+004 -1.599132E+002
 1.568358E+004 -2.187880E+002
 1.567231E+004 -2.555046E+002
 1.566120E+004 -2.955023E+002
 1.565214E+004 -3.341973E+002
 1.564445E+004 -3.786947E+002
 1.564048E+004 -4.223303E+002
 1.564111E+004 -4.718345E+002
 1.564609E+004 -5.104319E+002
 1.565561E+004 -5.492525E+002
 1.566769E+004 -5.819167E+002
 1.568365E+004 -6.136134E+002
 1.572129E+004 -6.651380E+002
 1.577102E+004 -7.084236E+002
 1.580701E+004 -7.297971E+002
 1.584394E+004 -7.455563E+002
 1.588766E+004 -7.577632E+002
 1.593266E+004 -7.643331E+002
 1.597558E+004 -7.659649E+002
 1.601485E+004 -7.644393E+002
 1.606839E+004 -7.595218E+002
 1.613325E+004 -7.544510E+002
 1.619494E+004 -7.554944E+002
 1.625322E+004 -7.675892E+002
 1.629619E+004 -7.905972E+002
 1.633282E+004 -8.273260E+002
 1.635860E+004 -8.801507E+002
 1.636554E+004 -9.213900E+002
 1.636314E+004 -9.636943E+002
 1.634382E+004 -1.024905E+003
 1.631873E+004 -1.070334E+003
 1.628525E+004 -1.117631E+003
 1.625538E+004 -1.160614E+003
 1.623151E+004 -1.208095E+003
 1.622261E+004 -1.246906E+003
 1.622800E+004 -1.305435E+003
 1.626242E+004 -1.363349E+003
 1.629422E+004 -1.388442E+003
 1.633131E+004 -1.404471E+003
 1.638437E+004 -1.411411E+003
 1.643568E+004 -1.403788E+003
 1.647236E+004 -1.390179E+003
 1.650613E+004 -1.371316E+003
 1.655663E+004 -1.330371E+003
 1.659479E+004 -1.289520E+003
 1.662733E+004 -1.249306E+003
 1.665511E+004 -1.213408E+003
 1.667899E+004 -1.183195E+003
 1.670308E+004 -1.154410E+003
 1.674661E+004 -1.108171E+003
 1.677324E+004 -1.084017E+003
 1.680427E+004 -1.059384E+003
 1.683848E+004 -1.036118E+003
 1.688026E+004 -1.012472E+003
 1.692776E+004 -9.910797E+002
 1.698410E+004 -9.723059E+002
 1.702452E+004 -9.629675E+002
 1.706488E+004 -9.569995E+002
 1.710646E+004 -9.544563E+002
 1.714308E+004 -9.554569E+002
 1.718110E+004 -9.599987E+002
 1.724292E+004 -9.760688E+002
 1.727983E+004 -9.921213E+002
 1.731493E+004 -1.013111E+003
 1.734289E+004 -1.035036E+003
 1.736824E+004 -1.060360E+003
 1.739622E+004 -1.097369E+003
 1.741753E+004 -1.136726E+003
 1.743121E+004 -1.172771E+003
 1.744073E+004 -1.211105E+003
 1.744677E+004 -1.276479E+003
 1.744528E+004 -1.314460E+003
 1.744065E+004 -1.351215E+003
 1.742778E+004 -1.407995E+003
 1.740992E+004 -1.462575E+003
 1.739291E+004 -1.505796E+003
 1.737309E+004 -1.551555E+003
 1.735364E+004 -1.595192E+003
 1.733224E+004 -1.644988E+003
 1.731096E+004 -1.701308E+003
 1.730100E+004 -1.733161E+003
 1.729189E+004 -1.768377E+003
 1.728069E+004 -1.831454E+003
 1.727705E+004 -1.866586E+003
 1.727490E+004 -1.904288E+003
 1.727411E+004 -1.951501E+003
 1.727407E+004 -1.998386E+003
 1.727342E+004 -2.031535E+003
 1.726835E+004 -2.097385E+003
 1.725967E+004 -2.137420E+003
 1.724358E+004 -2.180198E+003
 1.722091E+004 -2.217743E+003
 1.718796E+004 -2.252929E+003
 1.715012E+004 -2.278444E+003
 1.710503E+004 -2.295771E+003
 1.704761E+004 -2.302609E+003
 1.699233E+004 -2.295470E+003
 1.694811E+004 -2.280372E+003
 1.690713E+004 -2.258415E+003
 1.687940E+004 -2.238691E+003
 1.685360E+004 -2.216597E+003
 1.682148E+004 -2.183955E+003
 1.679529E+004 -2.153109E+003
 1.675994E+004 -2.106228E+003
 1.673188E+004 -2.067742E+003
 1.670334E+004 -2.030304E+003
 1.667821E+004 -2.000894E+003
 1.664953E+004 -1.972366E+003
 1.660579E+004 -1.939142E+003
 1.656076E+004 -1.917043E+003
 1.650245E+004 -1.903959E+003
 1.646025E+004 -1.904743E+003
 1.641817E+004 -1.914354E+003
 1.637230E+004 -1.936625E+003
 1.633090E+004 -1.971533E+003
 1.629310E+004 -2.027216E+003
 1.627253E+004 -2.089605E+003
 1.626771E+004 -2.148349E+003
 1.627421E+004 -2.204049E+003
 1.628580E+004 -2.245764E+003
 1.630208E+004 -2.284898E+003
 1.631917E+004 -2.316354E+003
 1.633893E+004 -2.346137E+003
 1.637246E+004 -2.387018E+003
 1.640766E+004 -2.421805E+003
 1.645544E+004 -2.460306E+003
 1.650073E+004 -2.490443E+003
 1.654726E+004 -2.516675E+003
 1.659332E+004 -2.539063E+003
 1.662705E+004 -2.553701E+003
 1.666072E+004 -2.567087E+003
 1.671748E+004 -2.587379E+003
 1.677955E+004 -2.607242E+003
 1.681705E+004 -2.618468E+003
 1.685315E+004 -2.628856E+003
 1.689405E+004 -2.640244E+003
 1.693611E+004 -2.651610E+003
 1.699652E+004 -2.667342E+003
 1.703046E+004 -2.675746E+003
 1.706443E+004 -2.683744E+003
 1.710507E+004 -2.692587E+003
 1.714770E+004 -2.700696E+003
 1.720915E+004 -2.709559E+003
 1.727058E+004 -2.713664E+003
 1.733685E+004 -2.711062E+003
 1.737048E+004 -2.706216E+003
 1.740364E+004 -2.698746E+003
 1.744416E+004 -2.685406E+003
 1.748256E+004 -2.667679E+003
 1.752364E+004 -2.641896E+003
 1.756303E+004 -2.608278E+003
 1.758697E+004 -2.581869E+003
 1.760819E+004 -2.552942E+003
 1.763625E+004 -2.501476E+003
 1.765508E+004 -2.449337E+003
 1.766500E+004 -2.405396E+003
 1.767035E+004 -2.360752E+003
 1.767069E+004 -2.295286E+003
 1.766477E+004 -2.237341E+003
 1.765499E+004 -2.183656E+003
 1.764420E+004 -2.138422E+003
 1.763257E+004 -2.096101E+003
 1.762271E+004 -2.062632E+003
 1.761210E+004 -2.027658E+003
 1.759517E+004 -1.971362E+003
 1.757967E+004 -1.914132E+003
 1.756708E+004 -1.855257E+003
 1.756163E+004 -1.818074E+003
 1.755800E+004 -1.772754E+003
 1.755966E+004 -1.705620E+003
 1.756594E+004 -1.663049E+003
 1.757726E+004 -1.619168E+003
 1.760143E+004 -1.560579E+003
 1.762004E+004 -1.528684E+003
 1.764185E+004 -1.498907E+003
 1.767666E+004 -1.462107E+003
 1.770494E+004 -1.438827E+003
 1.773574E+004 -1.418368E+003
 1.779523E+004 -1.389727E+003
 1.785566E+004 -1.372089E+003
 1.789057E+004 -1.366450E+003
 1.792580E+004 -1.363854E+003
 1.799310E+004 -1.367054E+003
 1.805527E+004 -1.378842E+003
 1.810415E+004 -1.393319E+003
 1.816349E+004 -1.415744E+003
 1.822495E+004 -1.440877E+003
 1.825657E+004 -1.452268E+003
 1.828835E+004 -1.461830E+003
 1.832611E+004 -1.469744E+003
 1.837605E+004 -1.472787E+003
 1.843453E+004 -1.462545E+003
 1.846870E+004 -1.447454E+003
 1.850098E+004 -1.424478E+003
 1.854268E+004 -1.371494E+003
 1.855626E+004 -1.339544E+003
 1.856422E+004 -1.305918E+003
 1.856652E+004 -1.259661E+003
 1.856049E+004 -1.215835E+003
 1.854217E+004 -1.159985E+003
 1.852276E+004 -1.118522E+003
 1.850492E+004 -1.084461E+003
 1.848731E+004 -1.050895E+003
 1.847223E+004 -1.018254E+003
 1.845940E+004 -9.781430E+002
 1.845471E+004 -9.330945E+002
 1.845976E+004 -8.965072E+002
 1.847622E+004 -8.568796E+002
 1.851169E+004 -8.160075E+002
 1.856445E+004 -7.879485E+002
 1.861798E+004 -7.800767E+002
 1.867048E+004 -7.880554E+002
 1.871199E+004 -8.053802E+002
 1.874853E+004 -8.301095E+002
 1.878815E+004 -8.704209E+002
 1.881674E+004 -9.120560E+002
 1.883955E+004 -9.570124E+002
 1.885587E+004 -9.978703E+002
 1.887538E+004 -1.057572E+003
 1.888587E+004 -1.089748E+003
 1.889906E+004 -1.126942E+003
 1.891545E+004 -1.165203E+003
 1.894649E+004 -1.217805E+003
 1.899037E+004 -1.263797E+003
 1.902923E+004 -1.288373E+003
 1.907708E+004 -1.304908E+003
 1.911425E+004 -1.309306E+003
 1.915264E+004 -1.306776E+003
 1.921191E+004 -1.288347E+003
 1.926225E+004 -1.256187E+003
 1.929871E+004 -1.219307E+003
 1.932650E+004 -1.178360E+003
 1.934513E+004 -1.139281E+003
 1.935826E+004 -1.099491E+003
 1.936735E+004 -1.054936E+003
 1.937140E+004 -1.011360E+003
 1.937142E+004 -9.722810E+002
 1.936823E+004 -9.329423E+002
 1.935706E+004 -8.716171E+002
 1.934010E+004 -8.150294E+002
 1.932187E+004 -7.702094E+002
 1.930060E+004 -7.283343E+002
 1.928016E+004 -6.946832E+002
 1.925757E+004 -6.626714E+002
 1.922609E+004 -6.246908E+002
 1.919375E+004 -5.916393E+002
 1.916307E+004 -5.645497E+002
 1.913129E+004 -5.399869E+002
 1.909160E+004 -5.133655E+002
 1.905296E+004 -4.909075E+002
 1.900901E+004 -4.686972E+002
 1.896675E+004 -4.499655E+002
 1.892187E+004 -4.322662E+002
 1.887692E+004 -4.162269E+002
 1.882372E+004 -3.987980E+002
 1.877324E+004 -3.831982E+002
 1.871016E+004 -3.643454E+002
 1.865233E+004 -3.471106E+002
 1.861895E+004 -3.370123E+002
 1.858416E+004 -3.263094E+002
 1.853003E+004 -3.091631E+002
 1.847599E+004 -2.911568E+002
 1.841874E+004 -2.706461E+002
 1.837851E+004 -2.548635E+002
 1.833587E+004 -2.364360E+002
 1.829420E+004 -2.160358E+002
 1.824728E+004 -1.890630E+002
 1.819581E+004 -1.520283E+002
 1.816330E+004 -1.220657E+002
 1.813422E+004 -8.831544E+001
 1.811169E+004 -5.446347E+001
 1.809264E+004 -1.560936E+001
 1.807919E+004  2.592266E+001
 1.807190E+004  6.915328E+001
 1.807074E+004  1.073947E+002
 1.807458E+004  1.468077E+002
 1.809131E+004  2.088161E+002
 1.811561E+004  2.591711E+002
 1.814574E+004  3.022628E+002
 1.817448E+004  3.335326E+002
 1.820627E+004  3.611501E+002
 1.825196E+004  3.920392E+002
 1.829653E+004  4.150789E+002
 1.834416E+004  4.339994E+002
 1.838895E+004  4.477909E+002
 1.843207E+004  4.584308E+002
 1.847225E+004  4.668633E+002
 1.851010E+004  4.742459E+002
 1.854828E+004  4.819091E+002
 1.858875E+004  4.912217E+002
 1.864000E+004  5.065047E+002
 1.867816E+004  5.223548E+002
 1.872003E+004  5.463218E+002
 1.875932E+004  5.788653E+002
 1.879588E+004  6.261683E+002
 1.881907E+004  6.815701E+002
 1.882646E+004  7.300960E+002
 1.882323E+004  7.786425E+002
 1.881201E+004  8.201302E+002
 1.879357E+004  8.591231E+002
 1.877144E+004  8.912741E+002
 1.874500E+004  9.197843E+002
 1.870983E+004  9.480003E+002
 1.867274E+004  9.698331E+002
 1.862988E+004  9.877470E+002
 1.858685E+004  9.995533E+002
 1.853954E+004  1.006575E+003
 1.849044E+004  1.008083E+003
 1.842513E+004  1.001737E+003
 1.837690E+004  9.913142E+002
 1.833257E+004  9.774474E+002
 1.829690E+004  9.632661E+002
 1.826250E+004  9.469564E+002
 1.821821E+004  9.219553E+002
 1.817816E+004  8.952980E+002
 1.814945E+004  8.737191E+002
 1.812172E+004  8.508287E+002
 1.807299E+004  8.055270E+002
 1.802898E+004  7.596131E+002
 1.799400E+004  7.207636E+002
 1.796039E+004  6.827540E+002
 1.793791E+004  6.578941E+002
 1.790938E+004  6.277260E+002
 1.787597E+004  5.955405E+002
 1.782662E+004  5.557841E+002
 1.777188E+004  5.239811E+002
 1.773131E+004  5.085887E+002
 1.768759E+004  4.992169E+002
 1.764757E+004  4.970515E+002
 1.760485E+004  5.016091E+002
 1.757086E+004  5.106585E+002
 1.753828E+004  5.244219E+002
 1.749976E+004  5.484988E+002
 1.746679E+004  5.781213E+002
 1.743618E+004  6.172893E+002
 1.741333E+004  6.602400E+002
 1.739946E+004  6.997454E+002
 1.739078E+004  7.418011E+002
 1.738808E+004  8.081313E+002
 1.739270E+004  8.502595E+002
 1.740145E+004  8.896859E+002
 1.741782E+004  9.370846E+002
 1.743673E+004  9.766883E+002
 1.745946E+004  1.014089E+003
 1.749498E+004  1.060093E+003
 1.753392E+004  1.099965E+003
 1.758380E+004  1.140617E+003
 1.763350E+004  1.173070E+003
 1.767476E+004  1.195493E+003
 1.771646E+004  1.214824E+003
 1.777776E+004  1.238277E+003
 1.783420E+004  1.255743E+003
 1.787996E+004  1.267532E+003
 1.792373E+004  1.277101E+003
 1.798079E+004  1.287387E+003
 1.803440E+004  1.295134E+003
 1.809461E+004  1.301952E+003
 1.815252E+004  1.306987E+003
 1.820385E+004  1.310501E+003
 1.825559E+004  1.313412E+003
 1.829780E+004  1.315540E+003
 1.834159E+004  1.317687E+003
 1.840184E+004  1.320841E+003
 1.846574E+004  1.324899E+003
 1.849958E+004  1.327477E+003
 1.853352E+004  1.330379E+003
 1.858170E+004  1.335028E+003
 1.862505E+004  1.339607E+003
 1.867212E+004  1.344753E+003
 1.873390E+004  1.351104E+003
 1.876999E+004  1.353941E+003
 1.880707E+004  1.355830E+003
 1.885184E+004  1.356180E+003
 1.890128E+004  1.353203E+003
 1.893569E+004  1.348380E+003
 1.897069E+004  1.340704E+003
 1.903399E+004  1.318178E+003
 1.906494E+004  1.301800E+003
 1.909405E+004  1.282237E+003
 1.912987E+004  1.250824E+003
 1.916032E+004  1.214772E+003
 1.918237E+004  1.179808E+003
 1.919991E+004  1.142180E+003
 1.921465E+004  1.095116E+003
 1.922289E+004  1.047251E+003
 1.922504E+004  9.853744E+002
 1.922060E+004  9.328516E+002
 1.921331E+004  8.893992E+002
 1.920403E+004  8.486122E+002
 1.919073E+004  8.003501E+002
 1.917665E+004  7.539119E+002
 1.916672E+004  7.213439E+002
 1.915712E+004  6.885732E+002
 1.914660E+004  6.490111E+002
 1.913756E+004  6.073889E+002
 1.913008E+004  5.542669E+002
 1.912839E+004  5.024720E+002
 1.913489E+004  4.414218E+002
 1.914289E+004  4.084728E+002
 1.915414E+004  3.764762E+002
 1.917327E+004  3.376980E+002
 1.919791E+004  3.013959E+002
 1.923944E+004  2.579552E+002
 1.927226E+004  2.330031E+002
 1.930725E+004  2.125401E+002
 1.933873E+004  1.982736E+002
 1.937148E+004  1.868226E+002
 1.943188E+004  1.732794E+002
 1.948914E+004  1.681479E+002
 1.954365E+004  1.692709E+002
 1.960072E+004  1.761281E+002
 1.964342E+004  1.847528E+002
 1.968438E+004  1.956678E+002
 1.971960E+004  2.069707E+002
 1.975471E+004  2.198626E+002
 1.981582E+004  2.457087E+002
 1.985077E+004  2.614760E+002
 1.988393E+004  2.764897E+002
 1.993340E+004  2.975717E+002
 1.996663E+004  3.091085E+002
 2.000235E+004  3.182171E+002
 2.004204E+004  3.232260E+002
 2.010035E+004  3.186428E+002
 2.014142E+004  3.040585E+002
 2.018148E+004  2.767089E+002
 2.021835E+004  2.288932E+002
 2.023752E+004  1.679491E+002
 2.023729E+004  1.143362E+002
 2.022491E+004  6.584130E+001
 2.020630E+004  2.621389E+001
 2.018399E+004 -8.275874E+000
 2.015917E+004 -4.020242E+001
 2.013416E+004 -7.001419E+001
 2.011291E+004 -9.583321E+001
 2.009330E+004 -1.218782E+002
 2.006364E+004 -1.722681E+002
 2.005380E+004 -2.046342E+002
 2.005400E+004 -2.629307E+002
 2.008487E+004 -3.118127E+002
 2.013471E+004 -3.544911E+002
 2.016784E+004 -3.754263E+002
 2.020504E+004 -3.890436E+002
 2.026262E+004 -3.872492E+002
 2.031307E+004 -3.733940E+002
 2.036047E+004 -3.502702E+002
 2.039919E+004 -3.242576E+002
 2.043544E+004 -2.946196E+002
 2.046812E+004 -2.644097E+002
 2.050028E+004 -2.324269E+002
 2.052683E+004 -2.050929E+002
 2.055274E+004 -1.780979E+002
 2.058346E+004 -1.461191E+002
 2.061340E+004 -1.151474E+002
 2.065353E+004 -7.374436E+001
 2.069092E+004 -3.436653E+001
 2.071879E+004 -3.732657E+000
 2.074560E+004  2.744409E+001
 2.078419E+004  7.668712E+001
 2.082115E+004  1.313898E+002
 2.085069E+004  1.828546E+002
 2.087644E+004  2.351529E+002
 2.089681E+004  2.818600E+002
 2.091421E+004  3.248029E+002
 2.093113E+004  3.677088E+002
 2.094416E+004  3.999600E+002
 2.097074E+004  4.609858E+002
 2.099401E+004  5.056314E+002
 2.102157E+004  5.489082E+002
 2.105862E+004  5.940446E+002
 2.110493E+004  6.348409E+002
 2.113590E+004  6.546791E+002
 2.117010E+004  6.710603E+002
 2.123475E+004  6.887277E+002
 2.128875E+004  6.914424E+002
 2.134074E+004  6.840464E+002
 2.138504E+004  6.695231E+002
 2.142662E+004  6.479768E+002
 2.145985E+004  6.240461E+002
 2.148944E+004  5.962370E+002
 2.151827E+004  5.609355E+002
 2.154172E+004  5.230721E+002
 2.155861E+004  4.871946E+002
 2.157165E+004  4.501745E+002
 2.158224E+004  4.060674E+002
 2.158814E+004  3.623369E+002
 2.158992E+004  3.245152E+002
 2.158883E+004  2.866533E+002
 2.158260E+004  2.329014E+002
 2.157189E+004  1.819325E+002
 2.155209E+004  1.179530E+002
 2.153162E+004  6.705022E+001
 2.150814E+004  1.776961E+001
 2.148668E+004 -2.256956E+001
 2.146661E+004 -5.792927E+001
 2.144772E+004 -9.018221E+001
 2.143119E+004 -1.182988E+002
 2.140981E+004 -1.554393E+002
 2.138771E+004 -1.967948E+002
 2.136118E+004 -2.566699E+002
 2.134875E+004 -2.985105E+002
 2.134274E+004 -3.323098E+002
 2.134021E+004 -3.672981E+002
 2.134505E+004 -4.305127E+002
 2.136182E+004 -4.874190E+002
 2.138607E+004 -5.302674E+002
 2.141924E+004 -5.676085E+002
 2.146861E+004 -6.024061E+002
 2.152411E+004 -6.255937E+002
 2.156320E+004 -6.445601E+002
 2.159937E+004 -6.686154E+002
 2.162339E+004 -6.930855E+002
 2.163572E+004 -7.320762E+002
 2.162393E+004 -7.885202E+002
 2.159540E+004 -8.370839E+002
 2.156049E+004 -8.815291E+002
 2.153059E+004 -9.233572E+002
 2.151514E+004 -9.536201E+002
 2.150378E+004 -9.897827E+002
 2.149988E+004 -1.023609E+003
 2.150292E+004 -1.060889E+003
 2.152703E+004 -1.123602E+003
 2.156782E+004 -1.172539E+003
 2.161490E+004 -1.206029E+003
 2.166011E+004 -1.226881E+003
 2.170600E+004 -1.240760E+003
 2.176171E+004 -1.250475E+003
 2.181381E+004 -1.254148E+003
 2.185642E+004 -1.253923E+003
 2.189794E+004 -1.251221E+003
 2.195751E+004 -1.243495E+003
 2.201170E+004 -1.233311E+003
 2.204949E+004 -1.224975E+003
 2.208772E+004 -1.215908E+003
 2.212434E+004 -1.207086E+003
 2.216583E+004 -1.197521E+003
 2.220815E+004 -1.189017E+003
 2.225111E+004 -1.182479E+003
 2.230723E+004 -1.178247E+003
 2.236397E+004 -1.180393E+003
 2.241111E+004 -1.187987E+003
 2.246320E+004 -1.203255E+003
 2.249727E+004 -1.217386E+003
 2.252993E+004 -1.234107E+003
 2.258314E+004 -1.267858E+003
 2.262054E+004 -1.294301E+003
 2.265690E+004 -1.319994E+003
 2.268454E+004 -1.337805E+003
 2.272959E+004 -1.361775E+003
 2.276996E+004 -1.375708E+003
 2.282251E+004 -1.382370E+003
 2.285770E+004 -1.378839E+003
 2.289277E+004 -1.368150E+003
 2.293898E+004 -1.339926E+003
 2.297457E+004 -1.300180E+003
 2.299605E+004 -1.258406E+003
 2.300787E+004 -1.212381E+003
 2.301040E+004 -1.174642E+003
 2.300723E+004 -1.136988E+003
 2.299304E+004 -1.082579E+003
 2.297208E+004 -1.036277E+003
 2.294128E+004 -9.884400E+002
 2.290893E+004 -9.492673E+002
 2.288229E+004 -9.215468E+002
 2.285578E+004 -8.964353E+002
 2.281530E+004 -8.607946E+002
 2.278179E+004 -8.313375E+002
 2.275735E+004 -8.085981E+002
 2.272879E+004 -7.792540E+002
 2.270218E+004 -7.466231E+002
 2.267528E+004 -7.026157E+002
 2.265441E+004 -6.423483E+002
 2.265032E+004 -5.964514E+002
 2.265698E+004 -5.481328E+002
 2.267410E+004 -5.041218E+002
 2.270304E+004 -4.625726E+002
 2.273007E+004 -4.370417E+002
 2.276144E+004 -4.160528E+002
 2.282383E+004 -3.917514E+002
 2.287685E+004 -3.834190E+002
 2.292356E+004 -3.828914E+002
 2.298939E+004 -3.898577E+002
 2.304638E+004 -3.970312E+002
 2.309626E+004 -3.971952E+002
 2.315659E+004 -3.779225E+002
 2.320677E+004 -3.434616E+002
 2.322848E+004 -3.136906E+002
 2.324342E+004 -2.793680E+002
 2.325475E+004 -2.162338E+002
 2.324641E+004 -1.552636E+002
 2.321641E+004 -1.006180E+002
 2.319413E+004 -7.388346E+001
 2.316974E+004 -4.974105E+001
 2.312650E+004 -1.222473E+001
 2.308970E+004  2.351858E+001
 2.306902E+004  5.186957E+001
 2.305297E+004  8.620392E+001
 2.304614E+004  1.185891E+002
 2.305681E+004  1.851035E+002
 2.308007E+004  2.233315E+002
 2.311364E+004  2.532462E+002
 2.316090E+004  2.749336E+002
 2.321379E+004  2.823523E+002
 2.327537E+004  2.737232E+002
 2.332265E+004  2.557888E+002
 2.336201E+004  2.334201E+002
 2.340031E+004  2.053518E+002
 2.343343E+004  1.768729E+002
 2.345980E+004  1.523106E+002
 2.348493E+004  1.281444E+002
 2.352707E+004  8.772357E+001
 2.355314E+004  6.429268E+001
 2.358003E+004  4.177724E+001
 2.363153E+004  3.697308E+000
 2.368204E+004 -2.754967E+001
 2.374063E+004 -5.798177E+001
 2.378106E+004 -7.678118E+001
 2.382069E+004 -9.431332E+001
 2.385536E+004 -1.095976E+002
 2.389067E+004 -1.256558E+002
 2.392771E+004 -1.436499E+002
 2.396477E+004 -1.634580E+002
 2.399684E+004 -1.825719E+002
 2.402969E+004 -2.045155E+002
 2.408209E+004 -2.457500E+002
 2.413029E+004 -2.926610E+002
 2.417307E+004 -3.444956E+002
 2.419692E+004 -3.795009E+002
 2.421850E+004 -4.167443E+002
 2.424316E+004 -4.698648E+002
 2.426194E+004 -5.260611E+002
 2.427269E+004 -5.770450E+002
 2.427761E+004 -6.295605E+002
 2.427701E+004 -6.712648E+002
 2.427230E+004 -7.131196E+002
 2.425991E+004 -7.670160E+002
 2.424213E+004 -8.160677E+002
 2.422082E+004 -8.597842E+002
 2.418613E+004 -9.152223E+002
 2.414889E+004 -9.647575E+002
 2.411244E+004 -1.009464E+003
 2.407866E+004 -1.051703E+003
 2.405921E+004 -1.078500E+003
 2.403907E+004 -1.109988E+003
 2.401183E+004 -1.165885E+003
 2.400138E+004 -1.200758E+003
 2.399563E+004 -1.238604E+003
 2.399675E+004 -1.285082E+003
 2.400915E+004 -1.335492E+003
 2.402438E+004 -1.367825E+003
 2.404479E+004 -1.397446E+003
 2.408061E+004 -1.432485E+003
 2.412254E+004 -1.458668E+003
 2.417552E+004 -1.477429E+003
 2.422875E+004 -1.484428E+003
 2.427453E+004 -1.482476E+003
 2.432001E+004 -1.473719E+003
 2.435266E+004 -1.463273E+003
 2.438410E+004 -1.449853E+003
 2.441950E+004 -1.430625E+003
 2.445215E+004 -1.408630E+003
 2.450175E+004 -1.365968E+003
 2.453972E+004 -1.324017E+003
 2.457103E+004 -1.281181E+003
 2.459267E+004 -1.245577E+003
 2.461155E+004 -1.208836E+003
 2.462563E+004 -1.176624E+003
 2.463789E+004 -1.143677E+003
 2.465211E+004 -1.096342E+003
 2.466237E+004 -1.051006E+003
 2.466869E+004 -1.013089E+003
 2.467313E+004 -9.747165E+002
 2.467641E+004 -9.142820E+002
 2.467563E+004 -8.564567E+002
 2.467024E+004 -7.896128E+002
 2.466134E+004 -7.291461E+002
 2.464837E+004 -6.681776E+002
 2.463410E+004 -6.175809E+002
 2.461094E+004 -5.555135E+002
 2.458839E+004 -5.120019E+002
 2.455956E+004 -4.725980E+002
 2.451791E+004 -4.383641E+002
 2.447237E+004 -4.065149E+002
