 4.8102829E-001, 2.3998539E-001, 0.0000000E+000, 0.0000000E+000, 0.0000000E+000, 0.0000000E+000, 7.3363481E-003, 2.3998539E-002, 2.4035631E-001, 9.3162574E-305, 0.0000000E+000, 0.0000000E+000, 1.1500000E+002, 0.0000000E+000, 0.0000000E+000, 0.0000000E+000, 0.0000000E+000, 0.0000000E+000, 0.0000000E+000, 0.0000000E+000, 0.0000000E+000, 0.0000000E+000, 0.0000000E+000, 1.1500000E+002, 2.3696694E-001
 4.8087992E-001, 2.3984221E-001, 0.0000000E+000, 0.0000000E+000, 0.0000000E+000, 0.0000000E+000, 7.3363481E-003, 2.3984221E-002, 2.4012157E-001, 9.3162574E-305, 0.0000000E+000, 0.0000000E+000, 1.1500000E+002, 0.0000000E+000, 0.0000000E+000, 0.0000000E+000, 0.0000000E+000, 0.0000000E+000, 0.0000000E+000, 0.0000000E+000, 0.0000000E+000, 0.0000000E+000, 0.0000000E+000, 1.1500000E+002, 2.3675177E-001
 4.8033373E-001, 2.3970855E-001, 0.0000000E+000, 0.0000000E+000, 0.0000000E+000, 0.0000000E+000, 7.3363481E-003, 2.3970855E-002, 2.3996527E-001, 9.3620790E-305, 0.0000000E+000, 0.0000000E+000, 1.1500000E+002, 0.0000000E+000, 0.0000000E+000, 0.0000000E+000, 0.0000000E+000, 0.0000000E+000, 0.0000000E+000, 0.0000000E+000, 0.0000000E+000, 0.0000000E+000, 0.0000000E+000, 1.1500000E+002, 2.3661969E-001
 4.8019373E-001, 2.3956687E-001, 0.0000000E+000, 0.0000000E+000, 0.0000000E+000, 0.0000000E+000, 7.3363481E-003, 2.3956687E-002, 2.3973345E-001, 9.3620790E-305, 0.0000000E+000, 0.0000000E+000, 1.1500000E+002, 0.0000000E+000, 0.0000000E+000, 0.0000000E+000, 0.0000000E+000, 0.0000000E+000, 0.0000000E+000, 0.0000000E+000, 0.0000000E+000, 0.0000000E+000, 0.0000000E+000, 1.1500000E+002, 2.3641083E-001
 4.8005170E-001, 2.3942623E-001, 0.0000000E+000, 0.0000000E+000, 0.0000000E+000, 0.0000000E+000, 7.3363481E-003, 2.3942623E-002, 2.3950787E-001, 9.3620790E-305, 0.0000000E+000, 0.0000000E+000, 1.1500000E+002, 0.0000000E+000, 0.0000000E+000, 0.0000000E+000, 0.0000000E+000, 0.0000000E+000, 0.0000000E+000, 0.0000000E+000, 0.0000000E+000, 0.0000000E+000, 0.0000000E+000, 1.1500000E+002, 2.3620309E-001
 4.7990884E-001, 2.3928809E-001, 0.0000000E+000, 0.0000000E+000, 0.0000000E+000, 0.0000000E+000, 7.3363481E-003, 2.3928809E-002, 2.3928506E-001, 9.3620790E-305, 0.0000000E+000, 0.0000000E+000, 1.1500000E+002, 0.0000000E+000, 0.0000000E+000, 0.0000000E+000, 0.0000000E+000, 0.0000000E+000, 0.0000000E+000, 0.0000000E+000, 0.0000000E+000, 0.0000000E+000, 0.0000000E+000, 1.1500000E+002, 2.3599793E-001
 4.7976372E-001, 2.3915179E-001, 0.0000000E+000, 0.0000000E+000, 0.0000000E+000, 0.0000000E+000, 7.3363481E-003, 2.3915179E-002, 2.3906648E-001, 9.3620790E-305, 0.0000000E+000, 0.0000000E+000, 1.1500000E+002, 0.0000000E+000, 0.0000000E+000, 0.0000000E+000, 0.0000000E+000, 0.0000000E+000, 0.0000000E+000, 0.0000000E+000, 0.0000000E+000, 0.0000000E+000, 0.0000000E+000, 1.1500000E+002, 2.3579484E-001
 4.7961453E-001, 2.3901692E-001, 0.0000000E+000, 0.0000000E+000, 0.0000000E+000, 0.0000000E+000, 7.3363481E-003, 2.3901692E-002, 2.3885276E-001, 9.3620790E-305, 0.0000000E+000, 0.0000000E+000, 1.1500000E+002, 0.0000000E+000, 0.0000000E+000, 0.0000000E+000, 0.0000000E+000, 0.0000000E+000, 0.0000000E+000, 0.0000000E+000, 0.0000000E+000, 0.0000000E+000, 0.0000000E+000, 1.1500000E+002, 2.3559110E-001
 4.7893548E-001, 2.3851041E-001, 0.0000000E+000, 0.0000000E+000, 0.0000000E+000, 0.0000000E+000, 7.3363481E-003, 2.3851041E-002, 2.3863491E-001, 9.3936912E-305, 0.0000000E+000, 0.0000000E+000, 1.1500000E+002, 0.0000000E+000, 0.0000000E+000, 0.0000000E+000, 0.0000000E+000, 0.0000000E+000, 0.0000000E+000, 0.0000000E+000, 0.0000000E+000, 0.0000000E+000, 0.0000000E+000, 1.1500000E+002, 2.3530274E-001
 4.7879010E-001, 2.3837375E-001, 0.0000000E+000, 0.0000000E+000, 0.0000000E+000, 0.0000000E+000, 7.3363481E-003, 2.3837375E-002, 2.3842508E-001, 9.3936912E-305, 0.0000000E+000, 0.0000000E+000, 1.1500000E+002, 0.0000000E+000, 0.0000000E+000, 0.0000000E+000, 0.0000000E+000, 0.0000000E+000, 0.0000000E+000, 0.0000000E+000, 0.0000000E+000, 0.0000000E+000, 0.0000000E+000, 1.1500000E+002, 2.3510193E-001
 4.7865521E-001, 2.3823665E-001, 0.0000000E+000, 0.0000000E+000, 0.0000000E+000, 0.0000000E+000, 7.3363481E-003, 2.3823665E-002, 2.3821552E-001, 9.3936912E-305, 0.0000000E+000, 0.0000000E+000, 1.1500000E+002, 0.0000000E+000, 0.0000000E+000, 0.0000000E+000, 0.0000000E+000, 0.0000000E+000, 0.0000000E+000, 0.0000000E+000, 0.0000000E+000, 0.0000000E+000, 0.0000000E+000, 1.1500000E+002, 2.3490597E-001
 4.7852770E-001, 2.3810029E-001, 0.0000000E+000, 0.0000000E+000, 0.0000000E+000, 0.0000000E+000, 7.3363481E-003, 2.3810029E-002, 2.3800682E-001, 9.3936912E-305, 0.0000000E+000, 0.0000000E+000, 1.1500000E+002, 0.0000000E+000, 0.0000000E+000, 0.0000000E+000, 0.0000000E+000, 0.0000000E+000, 0.0000000E+000, 0.0000000E+000, 0.0000000E+000, 0.0000000E+000, 0.0000000E+000, 1.1500000E+002, 2.3471348E-001
 4.7840122E-001, 2.3796789E-001, 0.0000000E+000, 0.0000000E+000, 0.0000000E+000, 0.0000000E+000, 7.3363481E-003, 2.3796789E-002, 2.3780158E-001, 9.3936912E-305, 0.0000000E+000, 0.0000000E+000, 1.1500000E+002, 0.0000000E+000, 0.0000000E+000, 0.0000000E+000, 0.0000000E+000, 0.0000000E+000, 0.0000000E+000, 0.0000000E+000, 0.0000000E+000, 0.0000000E+000, 0.0000000E+000, 1.1500000E+002, 2.3452243E-001
 4.7828066E-001, 2.3783883E-001, 0.0000000E+000, 0.0000000E+000, 0.0000000E+000, 0.0000000E+000, 7.3363481E-003, 2.3783883E-002, 2.3759866E-001, 9.3936912E-305, 0.0000000E+000, 0.0000000E+000, 1.1500000E+002, 0.0000000E+000, 0.0000000E+000, 0.0000000E+000, 0.0000000E+000, 0.0000000E+000, 0.0000000E+000, 0.0000000E+000, 0.0000000E+000, 0.0000000E+000, 0.0000000E+000, 1.1500000E+002, 2.3433469E-001
 4.7816772E-001, 2.3770939E-001, 0.0000000E+000, 0.0000000E+000, 0.0000000E+000, 0.0000000E+000, 7.3363481E-003, 2.3770939E-002, 2.3739618E-001, 9.3936912E-305, 0.0000000E+000, 0.0000000E+000, 1.1500000E+002, 0.0000000E+000, 0.0000000E+000, 0.0000000E+000, 0.0000000E+000, 0.0000000E+000, 0.0000000E+000, 0.0000000E+000, 0.0000000E+000, 0.0000000E+000, 0.0000000E+000, 1.1500000E+002, 2.3415120E-001
 4.7732083E-001, 2.3708335E-001, 0.0000000E+000, 0.0000000E+000, 0.0000000E+000, 0.0000000E+000, 7.3363481E-003, 2.3708335E-002, 2.3669810E-001, 9.4255176E-305, 0.0000000E+000, 0.0000000E+000, 1.1500000E+002, 0.0000000E+000, 0.0000000E+000, 0.0000000E+000, 0.0000000E+000, 0.0000000E+000, 0.0000000E+000, 0.0000000E+000, 0.0000000E+000, 0.0000000E+000, 0.0000000E+000, 1.1500000E+002, 2.3358653E-001
 4.7722014E-001, 2.3695456E-001, 0.0000000E+000, 0.0000000E+000, 0.0000000E+000, 0.0000000E+000, 7.3363481E-003, 2.3695456E-002, 2.3650096E-001, 9.4255176E-305, 0.0000000E+000, 0.0000000E+000, 1.1500000E+002, 0.0000000E+000, 0.0000000E+000, 0.0000000E+000, 0.0000000E+000, 0.0000000E+000, 0.0000000E+000, 0.0000000E+000, 0.0000000E+000, 0.0000000E+000, 0.0000000E+000, 1.1500000E+002, 2.3340521E-001
 4.7627225E-001, 2.3643416E-001, 0.0000000E+000, 0.0000000E+000, 0.0000000E+000, 0.0000000E+000, 7.3363481E-003, 2.3643416E-002, 2.3602011E-001, 9.4625094E-305, 0.0000000E+000, 0.0000000E+000, 1.1500000E+002, 0.0000000E+000, 0.0000000E+000, 0.0000000E+000, 0.0000000E+000, 0.0000000E+000, 0.0000000E+000, 0.0000000E+000, 0.0000000E+000, 0.0000000E+000, 0.0000000E+000, 1.1500000E+002, 2.3296658E-001
 4.7616036E-001, 2.3630648E-001, 0.0000000E+000, 0.0000000E+000, 0.0000000E+000, 0.0000000E+000, 7.3363481E-003, 2.3630648E-002, 2.3582538E-001, 9.4625094E-305, 0.0000000E+000, 0.0000000E+000, 1.1500000E+002, 0.0000000E+000, 0.0000000E+000, 0.0000000E+000, 0.0000000E+000, 0.0000000E+000, 0.0000000E+000, 0.0000000E+000, 0.0000000E+000, 0.0000000E+000, 0.0000000E+000, 1.1500000E+002, 2.3278386E-001
 4.7604899E-001, 2.3617993E-001, 0.0000000E+000, 0.0000000E+000, 0.0000000E+000, 0.0000000E+000, 7.3363481E-003, 2.3617993E-002, 2.3563063E-001, 9.4625094E-305, 0.0000000E+000, 0.0000000E+000, 1.1500000E+002, 0.0000000E+000, 0.0000000E+000, 0.0000000E+000, 0.0000000E+000, 0.0000000E+000, 0.0000000E+000, 0.0000000E+000, 0.0000000E+000, 0.0000000E+000, 0.0000000E+000, 1.1500000E+002, 2.3260425E-001
 4.7594094E-001, 2.3605606E-001, 0.0000000E+000, 0.0000000E+000, 0.0000000E+000, 0.0000000E+000, 7.3363481E-003, 2.3605606E-002, 2.3543670E-001, 9.4625094E-305, 0.0000000E+000, 0.0000000E+000, 1.1500000E+002, 0.0000000E+000, 0.0000000E+000, 0.0000000E+000, 0.0000000E+000, 0.0000000E+000, 0.0000000E+000, 0.0000000E+000, 0.0000000E+000, 0.0000000E+000, 0.0000000E+000, 1.1500000E+002, 2.3242719E-001
 4.7583252E-001, 2.3593281E-001, 0.0000000E+000, 0.0000000E+000, 0.0000000E+000, 0.0000000E+000, 7.3363481E-003, 2.3593281E-002, 2.3524444E-001, 9.4625094E-305, 0.0000000E+000, 0.0000000E+000, 1.1500000E+002, 0.0000000E+000, 0.0000000E+000, 0.0000000E+000, 0.0000000E+000, 0.0000000E+000, 0.0000000E+000, 0.0000000E+000, 0.0000000E+000, 0.0000000E+000, 0.0000000E+000, 1.1500000E+002, 2.3225134E-001
 4.7572435E-001, 2.3581045E-001, 0.0000000E+000, 0.0000000E+000, 0.0000000E+000, 0.0000000E+000, 7.3363481E-003, 2.3581045E-002, 2.3505373E-001, 9.4625094E-305, 0.0000000E+000, 0.0000000E+000, 1.1500000E+002, 0.0000000E+000, 0.0000000E+000, 0.0000000E+000, 0.0000000E+000, 0.0000000E+000, 0.0000000E+000, 0.0000000E+000, 0.0000000E+000, 0.0000000E+000, 0.0000000E+000, 1.1500000E+002, 2.3207679E-001
 4.7468977E-001, 2.3518195E-001, 0.0000000E+000, 0.0000000E+000, 0.0000000E+000, 0.0000000E+000, 7.3363481E-003, 2.3518195E-002, 2.3451726E-001, 9.5298316E-305, 0.0000000E+000, 0.0000000E+000, 1.1500000E+002, 0.0000000E+000, 0.0000000E+000, 0.0000000E+000, 0.0000000E+000, 0.0000000E+000, 0.0000000E+000, 0.0000000E+000, 0.0000000E+000, 0.0000000E+000, 0.0000000E+000, 1.1500000E+002, 2.3149727E-001
 4.7457908E-001, 2.3505868E-001, 0.0000000E+000, 0.0000000E+000, 0.0000000E+000, 0.0000000E+000, 7.3363481E-003, 2.3505868E-002, 2.3433376E-001, 9.5298316E-305, 0.0000000E+000, 0.0000000E+000, 1.1500000E+002, 0.0000000E+000, 0.0000000E+000, 0.0000000E+000, 0.0000000E+000, 0.0000000E+000, 0.0000000E+000, 0.0000000E+000, 0.0000000E+000, 0.0000000E+000, 0.0000000E+000, 1.1500000E+002, 2.3132228E-001
 4.7443315E-001, 2.3462974E-001, 0.0000000E+000, 0.0000000E+000, 0.0000000E+000, 0.0000000E+000, 7.3363481E-003, 2.3462974E-002, 2.3396760E-001, 9.5474422E-305, 0.0000000E+000, 0.0000000E+000, 1.1500000E+002, 0.0000000E+000, 0.0000000E+000, 0.0000000E+000, 0.0000000E+000, 0.0000000E+000, 0.0000000E+000, 0.0000000E+000, 0.0000000E+000, 0.0000000E+000, 0.0000000E+000, 1.1500000E+002, 2.3091498E-001
 4.7433411E-001, 2.3451409E-001, 0.0000000E+000, 0.0000000E+000, 0.0000000E+000, 0.0000000E+000, 7.3363481E-003, 2.3451409E-002, 2.3378738E-001, 9.5474422E-305, 0.0000000E+000, 0.0000000E+000, 1.1500000E+002, 0.0000000E+000, 0.0000000E+000, 0.0000000E+000, 0.0000000E+000, 0.0000000E+000, 0.0000000E+000, 0.0000000E+000, 0.0000000E+000, 0.0000000E+000, 0.0000000E+000, 1.1500000E+002, 2.3074570E-001
 4.7423928E-001, 2.3440157E-001, 0.0000000E+000, 0.0000000E+000, 0.0000000E+000, 0.0000000E+000, 7.3363481E-003, 2.3440157E-002, 2.3361159E-001, 9.5474422E-305, 0.0000000E+000, 0.0000000E+000, 1.1500000E+002, 0.0000000E+000, 0.0000000E+000, 0.0000000E+000, 0.0000000E+000, 0.0000000E+000, 0.0000000E+000, 0.0000000E+000, 0.0000000E+000, 0.0000000E+000, 0.0000000E+000, 1.1500000E+002, 2.3057877E-001
 4.7414711E-001, 2.3429056E-001, 0.0000000E+000, 0.0000000E+000, 0.0000000E+000, 0.0000000E+000, 7.3363481E-003, 2.3429056E-002, 2.3343759E-001, 9.5474422E-305, 0.0000000E+000, 0.0000000E+000, 1.1500000E+002, 0.0000000E+000, 0.0000000E+000, 0.0000000E+000, 0.0000000E+000, 0.0000000E+000, 0.0000000E+000, 0.0000000E+000, 0.0000000E+000, 0.0000000E+000, 0.0000000E+000, 1.1500000E+002, 2.3041282E-001
 4.7405736E-001, 2.3417970E-001, 0.0000000E+000, 0.0000000E+000, 0.0000000E+000, 0.0000000E+000, 7.3363481E-003, 2.3417970E-002, 2.3326690E-001, 9.5474422E-305, 0.0000000E+000, 0.0000000E+000, 1.1500000E+002, 0.0000000E+000, 0.0000000E+000, 0.0000000E+000, 0.0000000E+000, 0.0000000E+000, 0.0000000E+000, 0.0000000E+000, 0.0000000E+000, 0.0000000E+000, 0.0000000E+000, 1.1500000E+002, 2.3024801E-001
 4.7397446E-001, 2.3406943E-001, 0.0000000E+000, 0.0000000E+000, 0.0000000E+000, 0.0000000E+000, 7.3363481E-003, 2.3406943E-002, 2.3309983E-001, 9.5474422E-305, 0.0000000E+000, 0.0000000E+000, 1.1500000E+002, 0.0000000E+000, 0.0000000E+000, 0.0000000E+000, 0.0000000E+000, 0.0000000E+000, 0.0000000E+000, 0.0000000E+000, 0.0000000E+000, 0.0000000E+000, 0.0000000E+000, 1.1500000E+002, 2.3008635E-001
 4.7389491E-001, 2.3395884E-001, 0.0000000E+000, 0.0000000E+000, 0.0000000E+000, 0.0000000E+000, 7.3363481E-003, 2.3395884E-002, 2.3293315E-001, 9.5474422E-305, 0.0000000E+000, 0.0000000E+000, 1.1500000E+002, 0.0000000E+000, 0.0000000E+000, 0.0000000E+000, 0.0000000E+000, 0.0000000E+000, 0.0000000E+000, 0.0000000E+000, 0.0000000E+000, 0.0000000E+000, 0.0000000E+000, 1.1500000E+002, 2.2992740E-001
 4.7381294E-001, 2.3384855E-001, 0.0000000E+000, 0.0000000E+000, 0.0000000E+000, 0.0000000E+000, 7.3363481E-003, 2.3384855E-002, 2.3276765E-001, 9.5474422E-305, 0.0000000E+000, 0.0000000E+000, 1.1500000E+002, 0.0000000E+000, 0.0000000E+000, 0.0000000E+000, 0.0000000E+000, 0.0000000E+000, 0.0000000E+000, 0.0000000E+000, 0.0000000E+000, 0.0000000E+000, 0.0000000E+000, 1.1500000E+002, 2.2976902E-001
 4.7373213E-001, 2.3373904E-001, 0.0000000E+000, 0.0000000E+000, 0.0000000E+000, 0.0000000E+000, 7.3363481E-003, 2.3373904E-002, 2.3260334E-001, 9.5474422E-305, 0.0000000E+000, 0.0000000E+000, 1.1500000E+002, 0.0000000E+000, 0.0000000E+000, 0.0000000E+000, 0.0000000E+000, 0.0000000E+000, 0.0000000E+000, 0.0000000E+000, 0.0000000E+000, 0.0000000E+000, 0.0000000E+000, 1.1500000E+002, 2.2961360E-001
 4.7364322E-001, 2.3362973E-001, 0.0000000E+000, 0.0000000E+000, 0.0000000E+000, 0.0000000E+000, 7.3363481E-003, 2.3362973E-002, 2.3243877E-001, 9.5474422E-305, 0.0000000E+000, 0.0000000E+000, 1.1500000E+002, 0.0000000E+000, 0.0000000E+000, 0.0000000E+000, 0.0000000E+000, 0.0000000E+000, 0.0000000E+000, 0.0000000E+000, 0.0000000E+000, 0.0000000E+000, 0.0000000E+000, 1.1500000E+002, 2.2945849E-001
 4.7355057E-001, 2.3352192E-001, 0.0000000E+000, 0.0000000E+000, 0.0000000E+000, 0.0000000E+000, 7.3363481E-003, 2.3352192E-002, 2.3227533E-001, 9.5474422E-305, 0.0000000E+000, 0.0000000E+000, 1.1500000E+002, 0.0000000E+000, 0.0000000E+000, 0.0000000E+000, 0.0000000E+000, 0.0000000E+000, 0.0000000E+000, 0.0000000E+000, 0.0000000E+000, 0.0000000E+000, 0.0000000E+000, 1.1500000E+002, 2.2930388E-001
 4.7345949E-001, 2.3341392E-001, 0.0000000E+000, 0.0000000E+000, 0.0000000E+000, 0.0000000E+000, 7.3363481E-003, 2.3341392E-002, 2.3211288E-001, 9.5474422E-305, 0.0000000E+000, 0.0000000E+000, 1.1500000E+002, 0.0000000E+000, 0.0000000E+000, 0.0000000E+000, 0.0000000E+000, 0.0000000E+000, 0.0000000E+000, 0.0000000E+000, 0.0000000E+000, 0.0000000E+000, 0.0000000E+000, 1.1500000E+002, 2.2915037E-001
 4.7336890E-001, 2.3330579E-001, 0.0000000E+000, 0.0000000E+000, 0.0000000E+000, 0.0000000E+000, 7.3363481E-003, 2.3330579E-002, 2.3195327E-001, 9.5474422E-305, 0.0000000E+000, 0.0000000E+000, 1.1500000E+002, 0.0000000E+000, 0.0000000E+000, 0.0000000E+000, 0.0000000E+000, 0.0000000E+000, 0.0000000E+000, 0.0000000E+000, 0.0000000E+000, 0.0000000E+000, 0.0000000E+000, 1.1500000E+002, 2.2899752E-001
 4.7327650E-001, 2.3319735E-001, 0.0000000E+000, 0.0000000E+000, 0.0000000E+000, 0.0000000E+000, 7.3363481E-003, 2.3319735E-002, 2.3179623E-001, 9.5474422E-305, 0.0000000E+000, 0.0000000E+000, 1.1500000E+002, 0.0000000E+000, 0.0000000E+000, 0.0000000E+000, 0.0000000E+000, 0.0000000E+000, 0.0000000E+000, 0.0000000E+000, 0.0000000E+000, 0.0000000E+000, 0.0000000E+000, 1.1500000E+002, 2.2884438E-001
 4.7318459E-001, 2.3308930E-001, 0.0000000E+000, 0.0000000E+000, 0.0000000E+000, 0.0000000E+000, 7.3363481E-003, 2.3308930E-002, 2.3164390E-001, 9.5474422E-305, 0.0000000E+000, 0.0000000E+000, 1.1500000E+002, 0.0000000E+000, 0.0000000E+000, 0.0000000E+000, 0.0000000E+000, 0.0000000E+000, 0.0000000E+000, 0.0000000E+000, 0.0000000E+000, 0.0000000E+000, 0.0000000E+000, 1.1500000E+002, 2.2869191E-001
 4.7308936E-001, 2.3298338E-001, 0.0000000E+000, 0.0000000E+000, 0.0000000E+000, 0.0000000E+000, 7.3363481E-003, 2.3298338E-002, 2.3149481E-001, 9.5474422E-305, 0.0000000E+000, 0.0000000E+000, 1.1500000E+002, 0.0000000E+000, 0.0000000E+000, 0.0000000E+000, 0.0000000E+000, 0.0000000E+000, 0.0000000E+000, 0.0000000E+000, 0.0000000E+000, 0.0000000E+000, 0.0000000E+000, 1.1500000E+002, 2.2853942E-001
 4.7299704E-001, 2.3288088E-001, 0.0000000E+000, 0.0000000E+000, 0.0000000E+000, 0.0000000E+000, 7.3363481E-003, 2.3288088E-002, 2.3134605E-001, 9.5474422E-305, 0.0000000E+000, 0.0000000E+000, 1.1500000E+002, 0.0000000E+000, 0.0000000E+000, 0.0000000E+000, 0.0000000E+000, 0.0000000E+000, 0.0000000E+000, 0.0000000E+000, 0.0000000E+000, 0.0000000E+000, 0.0000000E+000, 1.1500000E+002, 2.2838838E-001
 4.7290389E-001, 2.3277812E-001, 0.0000000E+000, 0.0000000E+000, 0.0000000E+000, 0.0000000E+000, 7.3363481E-003, 2.3277812E-002, 2.3119846E-001, 9.5474422E-305, 0.0000000E+000, 0.0000000E+000, 1.1500000E+002, 0.0000000E+000, 0.0000000E+000, 0.0000000E+000, 0.0000000E+000, 0.0000000E+000, 0.0000000E+000, 0.0000000E+000, 0.0000000E+000, 0.0000000E+000, 0.0000000E+000, 1.1500000E+002, 2.2823708E-001
 4.7280915E-001, 2.3267561E-001, 0.0000000E+000, 0.0000000E+000, 0.0000000E+000, 0.0000000E+000, 7.3363481E-003, 2.3267561E-002, 2.3105307E-001, 9.5474422E-305, 0.0000000E+000, 0.0000000E+000, 1.1500000E+002, 0.0000000E+000, 0.0000000E+000, 0.0000000E+000, 0.0000000E+000, 0.0000000E+000, 0.0000000E+000, 0.0000000E+000, 0.0000000E+000, 0.0000000E+000, 0.0000000E+000, 1.1500000E+002, 2.2808600E-001
 4.7271802E-001, 2.3257256E-001, 0.0000000E+000, 0.0000000E+000, 0.0000000E+000, 0.0000000E+000, 7.3363481E-003, 2.3257256E-002, 2.3090787E-001, 9.5474422E-305, 0.0000000E+000, 0.0000000E+000, 1.1500000E+002, 0.0000000E+000, 0.0000000E+000, 0.0000000E+000, 0.0000000E+000, 0.0000000E+000, 0.0000000E+000, 0.0000000E+000, 0.0000000E+000, 0.0000000E+000, 0.0000000E+000, 1.1500000E+002, 2.2793694E-001
 4.7262499E-001, 2.3246992E-001, 0.0000000E+000, 0.0000000E+000, 0.0000000E+000, 0.0000000E+000, 7.3363481E-003, 2.3246992E-002, 2.3076453E-001, 9.5474422E-305, 0.0000000E+000, 0.0000000E+000, 1.1500000E+002, 0.0000000E+000, 0.0000000E+000, 0.0000000E+000, 0.0000000E+000, 0.0000000E+000, 0.0000000E+000, 0.0000000E+000, 0.0000000E+000, 0.0000000E+000, 0.0000000E+000, 1.1500000E+002, 2.2778801E-001
 4.7249927E-001, 2.3227602E-001, 0.0000000E+000, 0.0000000E+000, 0.0000000E+000, 0.0000000E+000, 7.3363481E-003, 2.3227602E-002, 2.3063491E-001, 9.5474422E-305, 0.0000000E+000, 0.0000000E+000, 1.1500000E+002, 0.0000000E+000, 0.0000000E+000, 0.0000000E+000, 0.0000000E+000, 0.0000000E+000, 0.0000000E+000, 0.0000000E+000, 0.0000000E+000, 0.0000000E+000, 0.0000000E+000, 1.1500000E+002, 2.2768268E-001
 4.7237672E-001, 2.3222410E-001, 0.0000000E+000, 0.0000000E+000, 0.0000000E+000, 0.0000000E+000, 7.3363481E-003, 2.3222410E-002, 2.3035238E-001, 9.5474422E-305, 0.0000000E+000, 0.0000000E+000, 1.1500000E+002, 0.0000000E+000, 0.0000000E+000, 0.0000000E+000, 0.0000000E+000, 0.0000000E+000, 0.0000000E+000, 0.0000000E+000, 0.0000000E+000, 0.0000000E+000, 0.0000000E+000, 1.1500000E+002, 2.2742625E-001
 4.7228416E-001, 2.3212548E-001, 0.0000000E+000, 0.0000000E+000, 0.0000000E+000, 0.0000000E+000, 7.3363481E-003, 2.3212548E-002, 2.3021079E-001, 9.5474422E-305, 0.0000000E+000, 0.0000000E+000, 1.1500000E+002, 0.0000000E+000, 0.0000000E+000, 0.0000000E+000, 0.0000000E+000, 0.0000000E+000, 0.0000000E+000, 0.0000000E+000, 0.0000000E+000, 0.0000000E+000, 0.0000000E+000, 1.1500000E+002, 2.2727864E-001
 4.7219338E-001, 2.3202911E-001, 0.0000000E+000, 0.0000000E+000, 0.0000000E+000, 0.0000000E+000, 7.3363481E-003, 2.3202911E-002, 2.3007019E-001, 9.5474422E-305, 0.0000000E+000, 0.0000000E+000, 1.1500000E+002, 0.0000000E+000, 0.0000000E+000, 0.0000000E+000, 0.0000000E+000, 0.0000000E+000, 0.0000000E+000, 0.0000000E+000, 0.0000000E+000, 0.0000000E+000, 0.0000000E+000, 1.1500000E+002, 2.2713182E-001
 4.7210969E-001, 2.3193346E-001, 0.0000000E+000, 0.0000000E+000, 0.0000000E+000, 0.0000000E+000, 7.3363481E-003, 2.3193346E-002, 2.2992994E-001, 9.5474422E-305, 0.0000000E+000, 0.0000000E+000, 1.1500000E+002, 0.0000000E+000, 0.0000000E+000, 0.0000000E+000, 0.0000000E+000, 0.0000000E+000, 0.0000000E+000, 0.0000000E+000, 0.0000000E+000, 0.0000000E+000, 0.0000000E+000, 1.1500000E+002, 2.2698781E-001
 4.7203104E-001, 2.3183809E-001, 0.0000000E+000, 0.0000000E+000, 0.0000000E+000, 0.0000000E+000, 7.3363481E-003, 2.3183809E-002, 2.2979101E-001, 9.5474422E-305, 0.0000000E+000, 0.0000000E+000, 1.1500000E+002, 0.0000000E+000, 0.0000000E+000, 0.0000000E+000, 0.0000000E+000, 0.0000000E+000, 0.0000000E+000, 0.0000000E+000, 0.0000000E+000, 0.0000000E+000, 0.0000000E+000, 1.1500000E+002, 2.2684685E-001
 4.7195713E-001, 2.3174493E-001, 0.0000000E+000, 0.0000000E+000, 0.0000000E+000, 0.0000000E+000, 7.3363481E-003, 2.3174493E-002, 2.2965392E-001, 9.5474422E-305, 0.0000000E+000, 0.0000000E+000, 1.1500000E+002, 0.0000000E+000, 0.0000000E+000, 0.0000000E+000, 0.0000000E+000, 0.0000000E+000, 0.0000000E+000, 0.0000000E+000, 0.0000000E+000, 0.0000000E+000, 0.0000000E+000, 1.1500000E+002, 2.2670819E-001
 4.7188059E-001, 2.3165326E-001, 0.0000000E+000, 0.0000000E+000, 0.0000000E+000, 0.0000000E+000, 7.3363481E-003, 2.3165326E-002, 2.2951694E-001, 9.5474422E-305, 0.0000000E+000, 0.0000000E+000, 1.1500000E+002, 0.0000000E+000, 0.0000000E+000, 0.0000000E+000, 0.0000000E+000, 0.0000000E+000, 0.0000000E+000, 0.0000000E+000, 0.0000000E+000, 0.0000000E+000, 0.0000000E+000, 1.1500000E+002, 2.2656952E-001
 4.7180132E-001, 2.3156440E-001, 0.0000000E+000, 0.0000000E+000, 0.0000000E+000, 0.0000000E+000, 7.3363481E-003, 2.3156440E-002, 2.2938038E-001, 9.5474422E-305, 0.0000000E+000, 0.0000000E+000, 1.1500000E+002, 0.0000000E+000, 0.0000000E+000, 0.0000000E+000, 0.0000000E+000, 0.0000000E+000, 0.0000000E+000, 0.0000000E+000, 0.0000000E+000, 0.0000000E+000, 0.0000000E+000, 1.1500000E+002, 2.2643111E-001
 4.7172467E-001, 2.3147653E-001, 0.0000000E+000, 0.0000000E+000, 0.0000000E+000, 0.0000000E+000, 7.3363481E-003, 2.3147653E-002, 2.2924343E-001, 9.5474422E-305, 0.0000000E+000, 0.0000000E+000, 1.1500000E+002, 0.0000000E+000, 0.0000000E+000, 0.0000000E+000, 0.0000000E+000, 0.0000000E+000, 0.0000000E+000, 0.0000000E+000, 0.0000000E+000, 0.0000000E+000, 0.0000000E+000, 1.1500000E+002, 2.2629579E-001
 4.7165085E-001, 2.3138923E-001, 0.0000000E+000, 0.0000000E+000, 0.0000000E+000, 0.0000000E+000, 7.3363481E-003, 2.3138923E-002, 2.2910802E-001, 9.5474422E-305, 0.0000000E+000, 0.0000000E+000, 1.1500000E+002, 0.0000000E+000, 0.0000000E+000, 0.0000000E+000, 0.0000000E+000, 0.0000000E+000, 0.0000000E+000, 0.0000000E+000, 0.0000000E+000, 0.0000000E+000, 0.0000000E+000, 1.1500000E+002, 2.2616270E-001
 4.7158186E-001, 2.3130160E-001, 0.0000000E+000, 0.0000000E+000, 0.0000000E+000, 0.0000000E+000, 7.3363481E-003, 2.3130160E-002, 2.2897475E-001, 9.5474422E-305, 0.0000000E+000, 0.0000000E+000, 1.1500000E+002, 0.0000000E+000, 0.0000000E+000, 0.0000000E+000, 0.0000000E+000, 0.0000000E+000, 0.0000000E+000, 0.0000000E+000, 0.0000000E+000, 0.0000000E+000, 0.0000000E+000, 1.1500000E+002, 2.2603201E-001
 4.7151098E-001, 2.3121477E-001, 0.0000000E+000, 0.0000000E+000, 0.0000000E+000, 0.0000000E+000, 7.3363481E-003, 2.3121477E-002, 2.2884328E-001, 9.5474422E-305, 0.0000000E+000, 0.0000000E+000, 1.1500000E+002, 0.0000000E+000, 0.0000000E+000, 0.0000000E+000, 0.0000000E+000, 0.0000000E+000, 0.0000000E+000, 0.0000000E+000, 0.0000000E+000, 0.0000000E+000, 0.0000000E+000, 1.1500000E+002, 2.2590237E-001
 4.7143805E-001, 2.3112834E-001, 0.0000000E+000, 0.0000000E+000, 0.0000000E+000, 0.0000000E+000, 7.3363481E-003, 2.3112834E-002, 2.2871162E-001, 9.5474422E-305, 0.0000000E+000, 0.0000000E+000, 1.1500000E+002, 0.0000000E+000, 0.0000000E+000, 0.0000000E+000, 0.0000000E+000, 0.0000000E+000, 0.0000000E+000, 0.0000000E+000, 0.0000000E+000, 0.0000000E+000, 0.0000000E+000, 1.1500000E+002, 2.2577327E-001
 4.7136363E-001, 2.3104234E-001, 0.0000000E+000, 0.0000000E+000, 0.0000000E+000, 0.0000000E+000, 7.3363481E-003, 2.3104234E-002, 2.2858065E-001, 9.5474422E-305, 0.0000000E+000, 0.0000000E+000, 1.1500000E+002, 0.0000000E+000, 0.0000000E+000, 0.0000000E+000, 0.0000000E+000, 0.0000000E+000, 0.0000000E+000, 0.0000000E+000, 0.0000000E+000, 0.0000000E+000, 0.0000000E+000, 1.1500000E+002, 2.2564457E-001
 4.7117866E-001, 2.3090285E-001, 0.0000000E+000, 0.0000000E+000, 0.0000000E+000, 0.0000000E+000, 7.3363481E-003, 2.3090285E-002, 2.2833434E-001, 9.5474422E-305, 0.0000000E+000, 0.0000000E+000, 1.1500000E+002, 0.0000000E+000, 0.0000000E+000, 0.0000000E+000, 0.0000000E+000, 0.0000000E+000, 0.0000000E+000, 0.0000000E+000, 0.0000000E+000, 0.0000000E+000, 0.0000000E+000, 1.1500000E+002, 2.2542514E-001
 4.7111060E-001, 2.3081817E-001, 0.0000000E+000, 0.0000000E+000, 0.0000000E+000, 0.0000000E+000, 7.3363481E-003, 2.3081817E-002, 2.2820383E-001, 9.5474422E-305, 0.0000000E+000, 0.0000000E+000, 1.1500000E+002, 0.0000000E+000, 0.0000000E+000, 0.0000000E+000, 0.0000000E+000, 0.0000000E+000, 0.0000000E+000, 0.0000000E+000, 0.0000000E+000, 0.0000000E+000, 0.0000000E+000, 1.1500000E+002, 2.2530138E-001
 4.7104279E-001, 2.3073332E-001, 0.0000000E+000, 0.0000000E+000, 0.0000000E+000, 0.0000000E+000, 7.3363481E-003, 2.3073332E-002, 2.2807626E-001, 9.5474422E-305, 0.0000000E+000, 0.0000000E+000, 1.1500000E+002, 0.0000000E+000, 0.0000000E+000, 0.0000000E+000, 0.0000000E+000, 0.0000000E+000, 0.0000000E+000, 0.0000000E+000, 0.0000000E+000, 0.0000000E+000, 0.0000000E+000, 1.1500000E+002, 2.2517789E-001
 4.7024238E-001, 2.3004789E-001, 0.0000000E+000, 0.0000000E+000, 0.0000000E+000, 0.0000000E+000, 7.3363481E-003, 2.3004789E-002, 2.2743859E-001, 9.5727134E-305, 0.0000000E+000, 0.0000000E+000, 1.1500000E+002, 0.0000000E+000, 0.0000000E+000, 0.0000000E+000, 0.0000000E+000, 0.0000000E+000, 0.0000000E+000, 0.0000000E+000, 0.0000000E+000, 0.0000000E+000, 0.0000000E+000, 1.1500000E+002, 2.2451158E-001
 4.7018434E-001, 2.3006283E-001, 0.0000000E+000, 0.0000000E+000, 0.0000000E+000, 0.0000000E+000, 7.3363481E-003, 2.3006283E-002, 2.2718012E-001, 9.5727134E-305, 0.0000000E+000, 0.0000000E+000, 1.1500000E+002, 0.0000000E+000, 0.0000000E+000, 0.0000000E+000, 0.0000000E+000, 0.0000000E+000, 0.0000000E+000, 0.0000000E+000, 0.0000000E+000, 0.0000000E+000, 0.0000000E+000, 1.1500000E+002, 2.2433320E-001
 4.7010405E-001, 2.2997972E-001, 0.0000000E+000, 0.0000000E+000, 0.0000000E+000, 0.0000000E+000, 7.3363481E-003, 2.2997972E-002, 2.2705319E-001, 9.5727134E-305, 0.0000000E+000, 0.0000000E+000, 1.1500000E+002, 0.0000000E+000, 0.0000000E+000, 0.0000000E+000, 0.0000000E+000, 0.0000000E+000, 0.0000000E+000, 0.0000000E+000, 0.0000000E+000, 0.0000000E+000, 0.0000000E+000, 1.1500000E+002, 2.2420749E-001
 4.7002561E-001, 2.2989696E-001, 0.0000000E+000, 0.0000000E+000, 0.0000000E+000, 0.0000000E+000, 7.3363481E-003, 2.2989696E-002, 2.2692763E-001, 9.5727134E-305, 0.0000000E+000, 0.0000000E+000, 1.1500000E+002, 0.0000000E+000, 0.0000000E+000, 0.0000000E+000, 0.0000000E+000, 0.0000000E+000, 0.0000000E+000, 0.0000000E+000, 0.0000000E+000, 0.0000000E+000, 0.0000000E+000, 1.1500000E+002, 2.2408235E-001
 4.6994841E-001, 2.2981391E-001, 0.0000000E+000, 0.0000000E+000, 0.0000000E+000, 0.0000000E+000, 7.3363481E-003, 2.2981391E-002, 2.2680366E-001, 9.5727134E-305, 0.0000000E+000, 0.0000000E+000, 1.1500000E+002, 0.0000000E+000, 0.0000000E+000, 0.0000000E+000, 0.0000000E+000, 0.0000000E+000, 0.0000000E+000, 0.0000000E+000, 0.0000000E+000, 0.0000000E+000, 0.0000000E+000, 1.1500000E+002, 2.2395746E-001
 4.6987237E-001, 2.2973263E-001, 0.0000000E+000, 0.0000000E+000, 0.0000000E+000, 0.0000000E+000, 7.3363481E-003, 2.2973263E-002, 2.2668231E-001, 9.5727134E-305, 0.0000000E+000, 0.0000000E+000, 1.1500000E+002, 0.0000000E+000, 0.0000000E+000, 0.0000000E+000, 0.0000000E+000, 0.0000000E+000, 0.0000000E+000, 0.0000000E+000, 0.0000000E+000, 0.0000000E+000, 0.0000000E+000, 1.1500000E+002, 2.2383315E-001
 4.6979318E-001, 2.2965155E-001, 0.0000000E+000, 0.0000000E+000, 0.0000000E+000, 0.0000000E+000, 7.3363481E-003, 2.2965155E-002, 2.2656301E-001, 9.5727134E-305, 0.0000000E+000, 0.0000000E+000, 1.1500000E+002, 0.0000000E+000, 0.0000000E+000, 0.0000000E+000, 0.0000000E+000, 0.0000000E+000, 0.0000000E+000, 0.0000000E+000, 0.0000000E+000, 0.0000000E+000, 0.0000000E+000, 1.1500000E+002, 2.2370798E-001
 4.6971134E-001, 2.2957029E-001, 0.0000000E+000, 0.0000000E+000, 0.0000000E+000, 0.0000000E+000, 7.3363481E-003, 2.2957029E-002, 2.2644535E-001, 9.5727134E-305, 0.0000000E+000, 0.0000000E+000, 1.1500000E+002, 0.0000000E+000, 0.0000000E+000, 0.0000000E+000, 0.0000000E+000, 0.0000000E+000, 0.0000000E+000, 0.0000000E+000, 0.0000000E+000, 0.0000000E+000, 0.0000000E+000, 1.1500000E+002, 2.2358205E-001
 4.6962652E-001, 2.2949041E-001, 0.0000000E+000, 0.0000000E+000, 0.0000000E+000, 0.0000000E+000, 7.3363481E-003, 2.2949041E-002, 2.2632702E-001, 9.5727134E-305, 0.0000000E+000, 0.0000000E+000, 1.1500000E+002, 0.0000000E+000, 0.0000000E+000, 0.0000000E+000, 0.0000000E+000, 0.0000000E+000, 0.0000000E+000, 0.0000000E+000, 0.0000000E+000, 0.0000000E+000, 0.0000000E+000, 1.1500000E+002, 2.2345597E-001
 4.6954284E-001, 2.2941264E-001, 0.0000000E+000, 0.0000000E+000, 0.0000000E+000, 0.0000000E+000, 7.3363481E-003, 2.2941264E-002, 2.2620817E-001, 9.5727134E-305, 0.0000000E+000, 0.0000000E+000, 1.1500000E+002, 0.0000000E+000, 0.0000000E+000, 0.0000000E+000, 0.0000000E+000, 0.0000000E+000, 0.0000000E+000, 0.0000000E+000, 0.0000000E+000, 0.0000000E+000, 0.0000000E+000, 1.1500000E+002, 2.2333114E-001
 4.6919729E-001, 2.2919590E-001, 0.0000000E+000, 0.0000000E+000, 0.0000000E+000, 0.0000000E+000, 7.3363481E-003, 2.2919590E-002, 2.2594655E-001, 9.5727134E-305, 0.0000000E+000, 0.0000000E+000, 1.1500000E+002, 0.0000000E+000, 0.0000000E+000, 0.0000000E+000, 0.0000000E+000, 0.0000000E+000, 0.0000000E+000, 0.0000000E+000, 0.0000000E+000, 0.0000000E+000, 0.0000000E+000, 1.1500000E+002, 2.2304045E-001
 4.6912634E-001, 2.2911779E-001, 0.0000000E+000, 0.0000000E+000, 0.0000000E+000, 0.0000000E+000, 7.3363481E-003, 2.2911779E-002, 2.2582731E-001, 9.5727134E-305, 0.0000000E+000, 0.0000000E+000, 1.1500000E+002, 0.0000000E+000, 0.0000000E+000, 0.0000000E+000, 0.0000000E+000, 0.0000000E+000, 0.0000000E+000, 0.0000000E+000, 0.0000000E+000, 0.0000000E+000, 0.0000000E+000, 1.1500000E+002, 2.2292082E-001
 4.6905438E-001, 2.2903936E-001, 0.0000000E+000, 0.0000000E+000, 0.0000000E+000, 0.0000000E+000, 7.3363481E-003, 2.2903936E-002, 2.2570832E-001, 9.5727134E-305, 0.0000000E+000, 0.0000000E+000, 1.1500000E+002, 0.0000000E+000, 0.0000000E+000, 0.0000000E+000, 0.0000000E+000, 0.0000000E+000, 0.0000000E+000, 0.0000000E+000, 0.0000000E+000, 0.0000000E+000, 0.0000000E+000, 1.1500000E+002, 2.2280097E-001
 4.6897746E-001, 2.2896167E-001, 0.0000000E+000, 0.0000000E+000, 0.0000000E+000, 0.0000000E+000, 7.3363481E-003, 2.2896167E-002, 2.2559009E-001, 9.5727134E-305, 0.0000000E+000, 0.0000000E+000, 1.1500000E+002, 0.0000000E+000, 0.0000000E+000, 0.0000000E+000, 0.0000000E+000, 0.0000000E+000, 0.0000000E+000, 0.0000000E+000, 0.0000000E+000, 0.0000000E+000, 0.0000000E+000, 1.1500000E+002, 2.2268048E-001
 4.6877496E-001, 2.2882441E-001, 0.0000000E+000, 0.0000000E+000, 0.0000000E+000, 0.0000000E+000, 7.3363481E-003, 2.2882441E-002, 2.2558660E-001, 9.5701802E-305, 0.0000000E+000, 0.0000000E+000, 1.1500000E+002, 0.0000000E+000, 0.0000000E+000, 0.0000000E+000, 0.0000000E+000, 0.0000000E+000, 0.0000000E+000, 0.0000000E+000, 0.0000000E+000, 0.0000000E+000, 0.0000000E+000, 1.1500000E+002, 2.2269419E-001
 4.6957089E-001, 2.2884254E-001, 0.0000000E+000, 0.0000000E+000, 0.0000000E+000, 0.0000000E+000, 7.3363481E-003, 2.2884254E-002, 2.2586547E-001, 9.6185402E-305, 0.0000000E+000, 0.0000000E+000, 1.1500000E+002, 0.0000000E+000, 0.0000000E+000, 0.0000000E+000, 0.0000000E+000, 0.0000000E+000, 0.0000000E+000, 0.0000000E+000, 0.0000000E+000, 0.0000000E+000, 0.0000000E+000, 1.1500000E+002, 2.2305633E-001
 4.6948400E-001, 2.2876707E-001, 0.0000000E+000, 0.0000000E+000, 0.0000000E+000, 0.0000000E+000, 7.3363481E-003, 2.2876707E-002, 2.2575277E-001, 9.6185402E-305, 0.0000000E+000, 0.0000000E+000, 1.1500000E+002, 0.0000000E+000, 0.0000000E+000, 0.0000000E+000, 0.0000000E+000, 0.0000000E+000, 0.0000000E+000, 0.0000000E+000, 0.0000000E+000, 0.0000000E+000, 0.0000000E+000, 1.1500000E+002, 2.2293138E-001
 4.6940019E-001, 2.2869259E-001, 0.0000000E+000, 0.0000000E+000, 0.0000000E+000, 0.0000000E+000, 7.3363481E-003, 2.2869259E-002, 2.2564090E-001, 9.6185402E-305, 0.0000000E+000, 0.0000000E+000, 1.1500000E+002, 0.0000000E+000, 0.0000000E+000, 0.0000000E+000, 0.0000000E+000, 0.0000000E+000, 0.0000000E+000, 0.0000000E+000, 0.0000000E+000, 0.0000000E+000, 0.0000000E+000, 1.1500000E+002, 2.2280813E-001
 4.6932192E-001, 2.2861951E-001, 0.0000000E+000, 0.0000000E+000, 0.0000000E+000, 0.0000000E+000, 7.3363481E-003, 2.2861951E-002, 2.2552902E-001, 9.6185402E-305, 0.0000000E+000, 0.0000000E+000, 1.1500000E+002, 0.0000000E+000, 0.0000000E+000, 0.0000000E+000, 0.0000000E+000, 0.0000000E+000, 0.0000000E+000, 0.0000000E+000, 0.0000000E+000, 0.0000000E+000, 0.0000000E+000, 1.1500000E+002, 2.2268721E-001
 4.6924318E-001, 2.2854654E-001, 0.0000000E+000, 0.0000000E+000, 0.0000000E+000, 0.0000000E+000, 7.3363481E-003, 2.2854654E-002, 2.2541800E-001, 9.6185402E-305, 0.0000000E+000, 0.0000000E+000, 1.1500000E+002, 0.0000000E+000, 0.0000000E+000, 0.0000000E+000, 0.0000000E+000, 0.0000000E+000, 0.0000000E+000, 0.0000000E+000, 0.0000000E+000, 0.0000000E+000, 0.0000000E+000, 1.1500000E+002, 2.2256688E-001
 4.6916077E-001, 2.2847414E-001, 0.0000000E+000, 0.0000000E+000, 0.0000000E+000, 0.0000000E+000, 7.3363481E-003, 2.2847414E-002, 2.2530676E-001, 9.6185402E-305, 0.0000000E+000, 0.0000000E+000, 1.1500000E+002, 0.0000000E+000, 0.0000000E+000, 0.0000000E+000, 0.0000000E+000, 0.0000000E+000, 0.0000000E+000, 0.0000000E+000, 0.0000000E+000, 0.0000000E+000, 0.0000000E+000, 1.1500000E+002, 2.2244627E-001
 4.6907742E-001, 2.2840118E-001, 0.0000000E+000, 0.0000000E+000, 0.0000000E+000, 0.0000000E+000, 7.3363481E-003, 2.2840118E-002, 2.2519628E-001, 9.6185402E-305, 0.0000000E+000, 0.0000000E+000, 1.1500000E+002, 0.0000000E+000, 0.0000000E+000, 0.0000000E+000, 0.0000000E+000, 0.0000000E+000, 0.0000000E+000, 0.0000000E+000, 0.0000000E+000, 0.0000000E+000, 0.0000000E+000, 1.1500000E+002, 2.2232626E-001
 4.6899787E-001, 2.2832829E-001, 0.0000000E+000, 0.0000000E+000, 0.0000000E+000, 0.0000000E+000, 7.3363481E-003, 2.2832829E-002, 2.2508781E-001, 9.6185402E-305, 0.0000000E+000, 0.0000000E+000, 1.1500000E+002, 0.0000000E+000, 0.0000000E+000, 0.0000000E+000, 0.0000000E+000, 0.0000000E+000, 0.0000000E+000, 0.0000000E+000, 0.0000000E+000, 0.0000000E+000, 0.0000000E+000, 1.1500000E+002, 2.2220892E-001
 4.6883735E-001, 2.2825459E-001, 0.0000000E+000, 0.0000000E+000, 0.0000000E+000, 0.0000000E+000, 7.3363481E-003, 2.2825459E-002, 2.2502202E-001, 9.6159827E-305, 0.0000000E+000, 0.0000000E+000, 1.1500000E+002, 0.0000000E+000, 0.0000000E+000, 0.0000000E+000, 0.0000000E+000, 0.0000000E+000, 0.0000000E+000, 0.0000000E+000, 0.0000000E+000, 0.0000000E+000, 0.0000000E+000, 1.1500000E+002, 2.2201545E-001
 4.6876058E-001, 2.2818219E-001, 0.0000000E+000, 0.0000000E+000, 0.0000000E+000, 0.0000000E+000, 7.3363481E-003, 2.2818219E-002, 2.2490780E-001, 9.6159827E-305, 0.0000000E+000, 0.0000000E+000, 1.1500000E+002, 0.0000000E+000, 0.0000000E+000, 0.0000000E+000, 0.0000000E+000, 0.0000000E+000, 0.0000000E+000, 0.0000000E+000, 0.0000000E+000, 0.0000000E+000, 0.0000000E+000, 1.1500000E+002, 2.2189925E-001
 4.6880298E-001, 2.2808694E-001, 0.0000000E+000, 0.0000000E+000, 0.0000000E+000, 0.0000000E+000, 7.3363481E-003, 2.2808694E-002, 2.2477141E-001, 9.6185402E-305, 0.0000000E+000, 0.0000000E+000, 1.1500000E+002, 0.0000000E+000, 0.0000000E+000, 0.0000000E+000, 0.0000000E+000, 0.0000000E+000, 0.0000000E+000, 0.0000000E+000, 0.0000000E+000, 0.0000000E+000, 0.0000000E+000, 1.1500000E+002, 2.2182235E-001
 4.6894269E-001, 2.2827650E-001, 0.0000000E+000, 0.0000000E+000, 0.0000000E+000, 0.0000000E+000, 7.3363481E-003, 2.2827650E-002, 2.2482656E-001, 9.6134267E-305, 0.0000000E+000, 0.0000000E+000, 1.1500000E+002, 0.0000000E+000, 0.0000000E+000, 0.0000000E+000, 0.0000000E+000, 0.0000000E+000, 0.0000000E+000, 0.0000000E+000, 0.0000000E+000, 0.0000000E+000, 0.0000000E+000, 1.1500000E+002, 2.2189545E-001
 4.6887392E-001, 2.2820261E-001, 0.0000000E+000, 0.0000000E+000, 0.0000000E+000, 0.0000000E+000, 7.3363481E-003, 2.2820261E-002, 2.2471280E-001, 9.6134267E-305, 0.0000000E+000, 0.0000000E+000, 1.1500000E+002, 0.0000000E+000, 0.0000000E+000, 0.0000000E+000, 0.0000000E+000, 0.0000000E+000, 0.0000000E+000, 0.0000000E+000, 0.0000000E+000, 0.0000000E+000, 0.0000000E+000, 1.1500000E+002, 2.2178286E-001
 4.6880172E-001, 2.2812895E-001, 0.0000000E+000, 0.0000000E+000, 0.0000000E+000, 0.0000000E+000, 7.3363481E-003, 2.2812895E-002, 2.2459936E-001, 9.6134267E-305, 0.0000000E+000, 0.0000000E+000, 1.1500000E+002, 0.0000000E+000, 0.0000000E+000, 0.0000000E+000, 0.0000000E+000, 0.0000000E+000, 0.0000000E+000, 0.0000000E+000, 0.0000000E+000, 0.0000000E+000, 0.0000000E+000, 1.1500000E+002, 2.2167033E-001
 4.6884805E-001, 2.2817899E-001, 0.0000000E+000, 0.0000000E+000, 0.0000000E+000, 0.0000000E+000, 7.3363481E-003, 2.2817899E-002, 2.2458220E-001, 9.6108719E-305, 0.0000000E+000, 0.0000000E+000, 1.1500000E+002, 0.0000000E+000, 0.0000000E+000, 0.0000000E+000, 0.0000000E+000, 0.0000000E+000, 0.0000000E+000, 0.0000000E+000, 0.0000000E+000, 0.0000000E+000, 0.0000000E+000, 1.1500000E+002, 2.2168148E-001
 4.6877090E-001, 2.2810732E-001, 0.0000000E+000, 0.0000000E+000, 0.0000000E+000, 0.0000000E+000, 7.3363481E-003, 2.2810732E-002, 2.2446880E-001, 9.6108719E-305, 0.0000000E+000, 0.0000000E+000, 1.1500000E+002, 0.0000000E+000, 0.0000000E+000, 0.0000000E+000, 0.0000000E+000, 0.0000000E+000, 0.0000000E+000, 0.0000000E+000, 0.0000000E+000, 0.0000000E+000, 0.0000000E+000, 1.1500000E+002, 2.2156806E-001
 4.6876725E-001, 2.2816894E-001, 0.0000000E+000, 0.0000000E+000, 0.0000000E+000, 0.0000000E+000, 7.3363481E-003, 2.2816894E-002, 2.2441578E-001, 9.6083186E-305, 0.0000000E+000, 0.0000000E+000, 1.1500000E+002, 0.0000000E+000, 0.0000000E+000, 0.0000000E+000, 0.0000000E+000, 0.0000000E+000, 0.0000000E+000, 0.0000000E+000, 0.0000000E+000, 0.0000000E+000, 0.0000000E+000, 1.1500000E+002, 2.2152993E-001
 4.6894348E-001, 2.2827387E-001, 0.0000000E+000, 0.0000000E+000, 0.0000000E+000, 0.0000000E+000, 7.3363481E-003, 2.2827387E-002, 2.2450712E-001, 9.6032159E-305, 0.0000000E+000, 0.0000000E+000, 1.1500000E+002, 0.0000000E+000, 0.0000000E+000, 0.0000000E+000, 0.0000000E+000, 0.0000000E+000, 0.0000000E+000, 0.0000000E+000, 0.0000000E+000, 0.0000000E+000, 0.0000000E+000, 1.1500000E+002, 2.2167934E-001
 4.6897311E-001, 2.2833031E-001, 0.0000000E+000, 0.0000000E+000, 0.0000000E+000, 0.0000000E+000, 7.3363481E-003, 2.2833031E-002, 2.2447155E-001, 9.6006666E-305, 0.0000000E+000, 0.0000000E+000, 1.1500000E+002, 0.0000000E+000, 0.0000000E+000, 0.0000000E+000, 0.0000000E+000, 0.0000000E+000, 0.0000000E+000, 0.0000000E+000, 0.0000000E+000, 0.0000000E+000, 0.0000000E+000, 1.1500000E+002, 2.2165909E-001
 4.6889290E-001, 2.2825735E-001, 0.0000000E+000, 0.0000000E+000, 0.0000000E+000, 0.0000000E+000, 7.3363481E-003, 2.2825735E-002, 2.2435636E-001, 9.6006666E-305, 0.0000000E+000, 0.0000000E+000, 1.1500000E+002, 0.0000000E+000, 0.0000000E+000, 0.0000000E+000, 0.0000000E+000, 0.0000000E+000, 0.0000000E+000, 0.0000000E+000, 0.0000000E+000, 0.0000000E+000, 0.0000000E+000, 1.1500000E+002, 2.2154619E-001
 4.6881364E-001, 2.2818511E-001, 0.0000000E+000, 0.0000000E+000, 0.0000000E+000, 0.0000000E+000, 7.3363481E-003, 2.2818511E-002, 2.2424042E-001, 9.6006666E-305, 0.0000000E+000, 0.0000000E+000, 1.1500000E+002, 0.0000000E+000, 0.0000000E+000, 0.0000000E+000, 0.0000000E+000, 0.0000000E+000, 0.0000000E+000, 0.0000000E+000, 0.0000000E+000, 0.0000000E+000, 0.0000000E+000, 1.1500000E+002, 2.2143455E-001
 4.6873493E-001, 2.2811323E-001, 0.0000000E+000, 0.0000000E+000, 0.0000000E+000, 0.0000000E+000, 7.3363481E-003, 2.2811323E-002, 2.2412440E-001, 9.6006666E-305, 0.0000000E+000, 0.0000000E+000, 1.1500000E+002, 0.0000000E+000, 0.0000000E+000, 0.0000000E+000, 0.0000000E+000, 0.0000000E+000, 0.0000000E+000, 0.0000000E+000, 0.0000000E+000, 0.0000000E+000, 0.0000000E+000, 1.1500000E+002, 2.2132382E-001
 4.6865698E-001, 2.2804121E-001, 0.0000000E+000, 0.0000000E+000, 0.0000000E+000, 0.0000000E+000, 7.3363481E-003, 2.2804121E-002, 2.2400862E-001, 9.6006666E-305, 0.0000000E+000, 0.0000000E+000, 1.1500000E+002, 0.0000000E+000, 0.0000000E+000, 0.0000000E+000, 0.0000000E+000, 0.0000000E+000, 0.0000000E+000, 0.0000000E+000, 0.0000000E+000, 0.0000000E+000, 0.0000000E+000, 1.1500000E+002, 2.2121361E-001
 4.6864892E-001, 2.2786819E-001, 0.0000000E+000, 0.0000000E+000, 0.0000000E+000, 0.0000000E+000, 7.3363481E-003, 2.2786819E-002, 2.2389611E-001, 9.6236591E-305, 0.0000000E+000, 0.0000000E+000, 1.1500000E+002, 0.0000000E+000, 0.0000000E+000, 0.0000000E+000, 0.0000000E+000, 0.0000000E+000, 0.0000000E+000, 0.0000000E+000, 0.0000000E+000, 0.0000000E+000, 0.0000000E+000, 1.1500000E+002, 2.2114644E-001
 4.6857225E-001, 2.2779738E-001, 0.0000000E+000, 0.0000000E+000, 0.0000000E+000, 0.0000000E+000, 7.3363481E-003, 2.2779738E-002, 2.2378217E-001, 9.6236591E-305, 0.0000000E+000, 0.0000000E+000, 1.1500000E+002, 0.0000000E+000, 0.0000000E+000, 0.0000000E+000, 0.0000000E+000, 0.0000000E+000, 0.0000000E+000, 0.0000000E+000, 0.0000000E+000, 0.0000000E+000, 0.0000000E+000, 1.1500000E+002, 2.2103659E-001
 4.6849630E-001, 2.2772653E-001, 0.0000000E+000, 0.0000000E+000, 0.0000000E+000, 0.0000000E+000, 7.3363481E-003, 2.2772653E-002, 2.2366942E-001, 9.6236591E-305, 0.0000000E+000, 0.0000000E+000, 1.1500000E+002, 0.0000000E+000, 0.0000000E+000, 0.0000000E+000, 0.0000000E+000, 0.0000000E+000, 0.0000000E+000, 0.0000000E+000, 0.0000000E+000, 0.0000000E+000, 0.0000000E+000, 1.1500000E+002, 2.2092761E-001
 4.6885673E-001, 2.2803224E-001, 0.0000000E+000, 0.0000000E+000, 0.0000000E+000, 0.0000000E+000, 7.3363481E-003, 2.2803224E-002, 2.2405581E-001, 9.6570657E-305, 0.0000000E+000, 0.0000000E+000, 1.1500000E+002, 0.0000000E+000, 0.0000000E+000, 0.0000000E+000, 0.0000000E+000, 0.0000000E+000, 0.0000000E+000, 0.0000000E+000, 0.0000000E+000, 0.0000000E+000, 0.0000000E+000, 1.1500000E+002, 2.2133656E-001
 4.6876654E-001, 2.2796339E-001, 0.0000000E+000, 0.0000000E+000, 0.0000000E+000, 0.0000000E+000, 7.3363481E-003, 2.2796339E-002, 2.2413819E-001, 9.6519111E-305, 0.0000000E+000, 0.0000000E+000, 1.1500000E+002, 0.0000000E+000, 0.0000000E+000, 0.0000000E+000, 0.0000000E+000, 0.0000000E+000, 0.0000000E+000, 0.0000000E+000, 0.0000000E+000, 0.0000000E+000, 0.0000000E+000, 1.1500000E+002, 2.2146068E-001
 4.6872146E-001, 2.2790899E-001, 0.0000000E+000, 0.0000000E+000, 0.0000000E+000, 0.0000000E+000, 7.3363481E-003, 2.2790899E-002, 2.2362869E-001, 9.6519111E-305, 0.0000000E+000, 0.0000000E+000, 1.1500000E+002, 0.0000000E+000, 0.0000000E+000, 0.0000000E+000, 0.0000000E+000, 0.0000000E+000, 0.0000000E+000, 0.0000000E+000, 0.0000000E+000, 0.0000000E+000, 0.0000000E+000, 1.1500000E+002, 2.2093622E-001
 4.6903423E-001, 2.2805142E-001, 0.0000000E+000, 0.0000000E+000, 0.0000000E+000, 0.0000000E+000, 7.3363481E-003, 2.2805142E-002, 2.2399102E-001, 9.6493359E-305, 0.0000000E+000, 0.0000000E+000, 1.1500000E+002, 0.0000000E+000, 0.0000000E+000, 0.0000000E+000, 0.0000000E+000, 0.0000000E+000, 0.0000000E+000, 0.0000000E+000, 0.0000000E+000, 0.0000000E+000, 0.0000000E+000, 1.1500000E+002, 2.2141806E-001
 4.6907478E-001, 2.2809204E-001, 0.0000000E+000, 0.0000000E+000, 0.0000000E+000, 0.0000000E+000, 7.3363481E-003, 2.2809204E-002, 2.2396191E-001, 9.6467621E-305, 0.0000000E+000, 0.0000000E+000, 1.1500000E+002, 0.0000000E+000, 0.0000000E+000, 0.0000000E+000, 0.0000000E+000, 0.0000000E+000, 0.0000000E+000, 0.0000000E+000, 0.0000000E+000, 0.0000000E+000, 0.0000000E+000, 1.1500000E+002, 2.2142917E-001
 4.6899143E-001, 2.2802350E-001, 0.0000000E+000, 0.0000000E+000, 0.0000000E+000, 0.0000000E+000, 7.3363481E-003, 2.2802350E-002, 2.2384941E-001, 9.6467621E-305, 0.0000000E+000, 0.0000000E+000, 1.1500000E+002, 0.0000000E+000, 0.0000000E+000, 0.0000000E+000, 0.0000000E+000, 0.0000000E+000, 0.0000000E+000, 0.0000000E+000, 0.0000000E+000, 0.0000000E+000, 0.0000000E+000, 1.1500000E+002, 2.2131749E-001
 4.6903408E-001, 2.2810133E-001, 0.0000000E+000, 0.0000000E+000, 0.0000000E+000, 0.0000000E+000, 7.3363481E-003, 2.2810133E-002, 2.2381856E-001, 9.6441896E-305, 0.0000000E+000, 0.0000000E+000, 1.1500000E+002, 0.0000000E+000, 0.0000000E+000, 0.0000000E+000, 0.0000000E+000, 0.0000000E+000, 0.0000000E+000, 0.0000000E+000, 0.0000000E+000, 0.0000000E+000, 0.0000000E+000, 1.1500000E+002, 2.2132404E-001
 4.6895308E-001, 2.2803491E-001, 0.0000000E+000, 0.0000000E+000, 0.0000000E+000, 0.0000000E+000, 7.3363481E-003, 2.2803491E-002, 2.2370755E-001, 9.6441896E-305, 0.0000000E+000, 0.0000000E+000, 1.1500000E+002, 0.0000000E+000, 0.0000000E+000, 0.0000000E+000, 0.0000000E+000, 0.0000000E+000, 0.0000000E+000, 0.0000000E+000, 0.0000000E+000, 0.0000000E+000, 0.0000000E+000, 1.1500000E+002, 2.2121356E-001
 4.6887814E-001, 2.2797024E-001, 0.0000000E+000, 0.0000000E+000, 0.0000000E+000, 0.0000000E+000, 7.3363481E-003, 2.2797024E-002, 2.2359746E-001, 9.6441896E-305, 0.0000000E+000, 0.0000000E+000, 1.1500000E+002, 0.0000000E+000, 0.0000000E+000, 0.0000000E+000, 0.0000000E+000, 0.0000000E+000, 0.0000000E+000, 0.0000000E+000, 0.0000000E+000, 0.0000000E+000, 0.0000000E+000, 1.1500000E+002, 2.2110583E-001
 4.6880281E-001, 2.2790673E-001, 0.0000000E+000, 0.0000000E+000, 0.0000000E+000, 0.0000000E+000, 7.3363481E-003, 2.2790673E-002, 2.2348827E-001, 9.6441896E-305, 0.0000000E+000, 0.0000000E+000, 1.1500000E+002, 0.0000000E+000, 0.0000000E+000, 0.0000000E+000, 0.0000000E+000, 0.0000000E+000, 0.0000000E+000, 0.0000000E+000, 0.0000000E+000, 0.0000000E+000, 0.0000000E+000, 1.1500000E+002, 2.2099867E-001
 4.6886155E-001, 2.2793733E-001, 0.0000000E+000, 0.0000000E+000, 0.0000000E+000, 0.0000000E+000, 7.3363481E-003, 2.2793733E-002, 2.2346417E-001, 9.6416185E-305, 0.0000000E+000, 0.0000000E+000, 1.1500000E+002, 0.0000000E+000, 0.0000000E+000, 0.0000000E+000, 0.0000000E+000, 0.0000000E+000, 0.0000000E+000, 0.0000000E+000, 0.0000000E+000, 0.0000000E+000, 0.0000000E+000, 1.1500000E+002, 2.2100597E-001
 4.6901603E-001, 2.2799567E-001, 0.0000000E+000, 0.0000000E+000, 0.0000000E+000, 0.0000000E+000, 7.3363481E-003, 2.2799567E-002, 2.2353729E-001, 9.6364804E-305, 0.0000000E+000, 0.0000000E+000, 1.1500000E+002, 0.0000000E+000, 0.0000000E+000, 0.0000000E+000, 0.0000000E+000, 0.0000000E+000, 0.0000000E+000, 0.0000000E+000, 0.0000000E+000, 0.0000000E+000, 0.0000000E+000, 1.1500000E+002, 2.2109518E-001
 4.6904824E-001, 2.2797034E-001, 0.0000000E+000, 0.0000000E+000, 0.0000000E+000, 0.0000000E+000, 7.3363481E-003, 2.2797034E-002, 2.2354405E-001, 9.6339134E-305, 0.0000000E+000, 0.0000000E+000, 1.1500000E+002, 0.0000000E+000, 0.0000000E+000, 0.0000000E+000, 0.0000000E+000, 0.0000000E+000, 0.0000000E+000, 0.0000000E+000, 0.0000000E+000, 0.0000000E+000, 0.0000000E+000, 1.1500000E+002, 2.2110919E-001
 4.6897020E-001, 2.2790801E-001, 0.0000000E+000, 0.0000000E+000, 0.0000000E+000, 0.0000000E+000, 7.3363481E-003, 2.2790801E-002, 2.2343619E-001, 9.6339134E-305, 0.0000000E+000, 0.0000000E+000, 1.1500000E+002, 0.0000000E+000, 0.0000000E+000, 0.0000000E+000, 0.0000000E+000, 0.0000000E+000, 0.0000000E+000, 0.0000000E+000, 0.0000000E+000, 0.0000000E+000, 0.0000000E+000, 1.1500000E+002, 2.2100164E-001
 4.6900011E-001, 2.2788273E-001, 0.0000000E+000, 0.0000000E+000, 0.0000000E+000, 0.0000000E+000, 7.3363481E-003, 2.2788273E-002, 2.2344283E-001, 9.6313478E-305, 0.0000000E+000, 0.0000000E+000, 1.1500000E+002, 0.0000000E+000, 0.0000000E+000, 0.0000000E+000, 0.0000000E+000, 0.0000000E+000, 0.0000000E+000, 0.0000000E+000, 0.0000000E+000, 0.0000000E+000, 0.0000000E+000, 1.1500000E+002, 2.2102023E-001
 4.6892119E-001, 2.2781943E-001, 0.0000000E+000, 0.0000000E+000, 0.0000000E+000, 0.0000000E+000, 7.3363481E-003, 2.2781943E-002, 2.2333865E-001, 9.6313478E-305, 0.0000000E+000, 0.0000000E+000, 1.1500000E+002, 0.0000000E+000, 0.0000000E+000, 0.0000000E+000, 0.0000000E+000, 0.0000000E+000, 0.0000000E+000, 0.0000000E+000, 0.0000000E+000, 0.0000000E+000, 0.0000000E+000, 1.1500000E+002, 2.2091328E-001
 4.6880509E-001, 2.2794516E-001, 0.0000000E+000, 0.0000000E+000, 0.0000000E+000, 0.0000000E+000, 7.3363481E-003, 2.2794516E-002, 2.2321616E-001, 9.6287836E-305, 0.0000000E+000, 0.0000000E+000, 1.1500000E+002, 0.0000000E+000, 0.0000000E+000, 0.0000000E+000, 0.0000000E+000, 0.0000000E+000, 0.0000000E+000, 0.0000000E+000, 0.0000000E+000, 0.0000000E+000, 0.0000000E+000, 1.1500000E+002, 2.2085645E-001
 4.6900517E-001, 2.2790738E-001, 0.0000000E+000, 0.0000000E+000, 0.0000000E+000, 0.0000000E+000, 7.3363481E-003, 2.2790738E-002, 2.2330561E-001, 9.6236591E-305, 0.0000000E+000, 0.0000000E+000, 1.1500000E+002, 0.0000000E+000, 0.0000000E+000, 0.0000000E+000, 0.0000000E+000, 0.0000000E+000, 0.0000000E+000, 0.0000000E+000, 0.0000000E+000, 0.0000000E+000, 0.0000000E+000, 1.1500000E+002, 2.2098395E-001
 4.6926904E-001, 2.2808073E-001, 0.0000000E+000, 0.0000000E+000, 0.0000000E+000, 0.0000000E+000, 7.3363481E-003, 2.2808073E-002, 2.2325731E-001, 9.6210990E-305, 0.0000000E+000, 0.0000000E+000, 1.1500000E+002, 0.0000000E+000, 0.0000000E+000, 0.0000000E+000, 0.0000000E+000, 0.0000000E+000, 0.0000000E+000, 0.0000000E+000, 0.0000000E+000, 0.0000000E+000, 0.0000000E+000, 1.1500000E+002, 2.2094149E-001
 4.6960722E-001, 2.2835923E-001, 0.0000000E+000, 0.0000000E+000, 0.0000000E+000, 0.0000000E+000, 7.3363481E-003, 2.2835923E-002, 2.2355417E-001, 9.6519111E-305, 0.0000000E+000, 0.0000000E+000, 1.1500000E+002, 0.0000000E+000, 0.0000000E+000, 0.0000000E+000, 0.0000000E+000, 0.0000000E+000, 0.0000000E+000, 0.0000000E+000, 0.0000000E+000, 0.0000000E+000, 0.0000000E+000, 1.1500000E+002, 2.2121053E-001
 4.6942002E-001, 2.2842284E-001, 0.0000000E+000, 0.0000000E+000, 0.0000000E+000, 0.0000000E+000, 7.3363481E-003, 2.2842284E-002, 2.2327874E-001, 9.6544877E-305, 0.0000000E+000, 0.0000000E+000, 1.1500000E+002, 0.0000000E+000, 0.0000000E+000, 0.0000000E+000, 0.0000000E+000, 0.0000000E+000, 0.0000000E+000, 0.0000000E+000, 0.0000000E+000, 0.0000000E+000, 0.0000000E+000, 1.1500000E+002, 2.2102250E-001
 4.6942573E-001, 2.2843322E-001, 0.0000000E+000, 0.0000000E+000, 0.0000000E+000, 0.0000000E+000, 7.3363481E-003, 2.2843322E-002, 2.2324867E-001, 9.6519111E-305, 0.0000000E+000, 0.0000000E+000, 1.1500000E+002, 0.0000000E+000, 0.0000000E+000, 0.0000000E+000, 0.0000000E+000, 0.0000000E+000, 0.0000000E+000, 0.0000000E+000, 0.0000000E+000, 0.0000000E+000, 0.0000000E+000, 1.1500000E+002, 2.2099263E-001
 4.6934055E-001, 2.2836649E-001, 0.0000000E+000, 0.0000000E+000, 0.0000000E+000, 0.0000000E+000, 7.3363481E-003, 2.2836649E-002, 2.2315339E-001, 9.6519111E-305, 0.0000000E+000, 0.0000000E+000, 1.1500000E+002, 0.0000000E+000, 0.0000000E+000, 0.0000000E+000, 0.0000000E+000, 0.0000000E+000, 0.0000000E+000, 0.0000000E+000, 0.0000000E+000, 0.0000000E+000, 0.0000000E+000, 1.1500000E+002, 2.2088557E-001
 4.6937399E-001, 2.2835344E-001, 0.0000000E+000, 0.0000000E+000, 0.0000000E+000, 0.0000000E+000, 7.3363481E-003, 2.2835344E-002, 2.2313288E-001, 9.6493359E-305, 0.0000000E+000, 0.0000000E+000, 1.1500000E+002, 0.0000000E+000, 0.0000000E+000, 0.0000000E+000, 0.0000000E+000, 0.0000000E+000, 0.0000000E+000, 0.0000000E+000, 0.0000000E+000, 0.0000000E+000, 0.0000000E+000, 1.1500000E+002, 2.2086454E-001
 4.6941211E-001, 2.2835039E-001, 0.0000000E+000, 0.0000000E+000, 0.0000000E+000, 0.0000000E+000, 7.3363481E-003, 2.2835039E-002, 2.2312236E-001, 9.6467621E-305, 0.0000000E+000, 0.0000000E+000, 1.1500000E+002, 0.0000000E+000, 0.0000000E+000, 0.0000000E+000, 0.0000000E+000, 0.0000000E+000, 0.0000000E+000, 0.0000000E+000, 0.0000000E+000, 0.0000000E+000, 0.0000000E+000, 1.1500000E+002, 2.2085537E-001
 4.6932645E-001, 2.2829060E-001, 0.0000000E+000, 0.0000000E+000, 0.0000000E+000, 0.0000000E+000, 7.3363481E-003, 2.2829060E-002, 2.2302656E-001, 9.6467621E-305, 0.0000000E+000, 0.0000000E+000, 1.1500000E+002, 0.0000000E+000, 0.0000000E+000, 0.0000000E+000, 0.0000000E+000, 0.0000000E+000, 0.0000000E+000, 0.0000000E+000, 0.0000000E+000, 0.0000000E+000, 0.0000000E+000, 1.1500000E+002, 2.2074816E-001
 4.6959158E-001, 2.2837533E-001, 0.0000000E+000, 0.0000000E+000, 0.0000000E+000, 0.0000000E+000, 7.3363481E-003, 2.2837533E-002, 2.2335287E-001, 9.6339134E-305, 0.0000000E+000, 0.0000000E+000, 1.1500000E+002, 0.0000000E+000, 0.0000000E+000, 0.0000000E+000, 0.0000000E+000, 0.0000000E+000, 0.0000000E+000, 0.0000000E+000, 0.0000000E+000, 0.0000000E+000, 0.0000000E+000, 1.1500000E+002, 2.2113087E-001
 4.7049938E-001, 2.2866691E-001, 0.0000000E+000, 0.0000000E+000, 0.0000000E+000, 0.0000000E+000, 7.3363481E-003, 2.2866691E-002, 2.2397340E-001, 9.6881090E-305, 0.0000000E+000, 0.0000000E+000, 1.1500000E+002, 0.0000000E+000, 0.0000000E+000, 0.0000000E+000, 0.0000000E+000, 0.0000000E+000, 0.0000000E+000, 0.0000000E+000, 0.0000000E+000, 0.0000000E+000, 0.0000000E+000, 1.1500000E+002, 2.2172184E-001
 4.7053677E-001, 2.2867457E-001, 0.0000000E+000, 0.0000000E+000, 0.0000000E+000, 0.0000000E+000, 7.3363481E-003, 2.2867457E-002, 2.2394850E-001, 9.6855145E-305, 0.0000000E+000, 0.0000000E+000, 1.1500000E+002, 0.0000000E+000, 0.0000000E+000, 0.0000000E+000, 0.0000000E+000, 0.0000000E+000, 0.0000000E+000, 0.0000000E+000, 0.0000000E+000, 0.0000000E+000, 0.0000000E+000, 1.1500000E+002, 2.2170327E-001
 4.7058702E-001, 2.2868185E-001, 0.0000000E+000, 0.0000000E+000, 0.0000000E+000, 0.0000000E+000, 7.3363481E-003, 2.2868185E-002, 2.2394082E-001, 9.6829213E-305, 0.0000000E+000, 0.0000000E+000, 1.1500000E+002, 0.0000000E+000, 0.0000000E+000, 0.0000000E+000, 0.0000000E+000, 0.0000000E+000, 0.0000000E+000, 0.0000000E+000, 0.0000000E+000, 0.0000000E+000, 0.0000000E+000, 1.1500000E+002, 2.2172530E-001
 4.7048981E-001, 2.2861935E-001, 0.0000000E+000, 0.0000000E+000, 0.0000000E+000, 0.0000000E+000, 7.3363481E-003, 2.2861935E-002, 2.2384328E-001, 9.6829213E-305, 0.0000000E+000, 0.0000000E+000, 1.1500000E+002, 0.0000000E+000, 0.0000000E+000, 0.0000000E+000, 0.0000000E+000, 0.0000000E+000, 0.0000000E+000, 0.0000000E+000, 0.0000000E+000, 0.0000000E+000, 0.0000000E+000, 1.1500000E+002, 2.2161761E-001
 4.7052095E-001, 2.2862797E-001, 0.0000000E+000, 0.0000000E+000, 0.0000000E+000, 0.0000000E+000, 7.3363481E-003, 2.2862797E-002, 2.2382782E-001, 9.6803295E-305, 0.0000000E+000, 0.0000000E+000, 1.1500000E+002, 0.0000000E+000, 0.0000000E+000, 0.0000000E+000, 0.0000000E+000, 0.0000000E+000, 0.0000000E+000, 0.0000000E+000, 0.0000000E+000, 0.0000000E+000, 0.0000000E+000, 1.1500000E+002, 2.2161167E-001
 4.7052269E-001, 2.2858934E-001, 0.0000000E+000, 0.0000000E+000, 0.0000000E+000, 0.0000000E+000, 7.3363481E-003, 2.2858934E-002, 2.2384503E-001, 9.6777391E-305, 0.0000000E+000, 0.0000000E+000, 1.1500000E+002, 0.0000000E+000, 0.0000000E+000, 0.0000000E+000, 0.0000000E+000, 0.0000000E+000, 0.0000000E+000, 0.0000000E+000, 0.0000000E+000, 0.0000000E+000, 0.0000000E+000, 1.1500000E+002, 2.2156173E-001
 4.7067288E-001, 2.2868507E-001, 0.0000000E+000, 0.0000000E+000, 0.0000000E+000, 0.0000000E+000, 7.3363481E-003, 2.2868507E-002, 2.2389705E-001, 9.6725625E-305, 0.0000000E+000, 0.0000000E+000, 1.1500000E+002, 0.0000000E+000, 0.0000000E+000, 0.0000000E+000, 0.0000000E+000, 0.0000000E+000, 0.0000000E+000, 0.0000000E+000, 0.0000000E+000, 0.0000000E+000, 0.0000000E+000, 1.1500000E+002, 2.2167091E-001
 4.7068036E-001, 2.2870784E-001, 0.0000000E+000, 0.0000000E+000, 0.0000000E+000, 0.0000000E+000, 7.3363481E-003, 2.2870784E-002, 2.2386213E-001, 9.6699762E-305, 0.0000000E+000, 0.0000000E+000, 1.1500000E+002, 0.0000000E+000, 0.0000000E+000, 0.0000000E+000, 0.0000000E+000, 0.0000000E+000, 0.0000000E+000, 0.0000000E+000, 0.0000000E+000, 0.0000000E+000, 0.0000000E+000, 1.1500000E+002, 2.2163179E-001
 4.7043263E-001, 2.2857425E-001, 0.0000000E+000, 0.0000000E+000, 0.0000000E+000, 0.0000000E+000, 7.3363481E-003, 2.2857425E-002, 2.2376265E-001, 9.6673914E-305, 0.0000000E+000, 0.0000000E+000, 1.1500000E+002, 0.0000000E+000, 0.0000000E+000, 0.0000000E+000, 0.0000000E+000, 0.0000000E+000, 0.0000000E+000, 0.0000000E+000, 0.0000000E+000, 0.0000000E+000, 0.0000000E+000, 1.1500000E+002, 2.2150173E-001
 4.7057219E-001, 2.2848155E-001, 0.0000000E+000, 0.0000000E+000, 0.0000000E+000, 0.0000000E+000, 7.3363481E-003, 2.2848155E-002, 2.2368691E-001, 9.6725625E-305, 0.0000000E+000, 0.0000000E+000, 1.1500000E+002, 0.0000000E+000, 0.0000000E+000, 0.0000000E+000, 0.0000000E+000, 0.0000000E+000, 0.0000000E+000, 0.0000000E+000, 0.0000000E+000, 0.0000000E+000, 0.0000000E+000, 1.1500000E+002, 2.2142862E-001
 4.7067864E-001, 2.2857627E-001, 0.0000000E+000, 0.0000000E+000, 0.0000000E+000, 0.0000000E+000, 7.3363481E-003, 2.2857627E-002, 2.2372626E-001, 9.6673914E-305, 0.0000000E+000, 0.0000000E+000, 1.1500000E+002, 0.0000000E+000, 0.0000000E+000, 0.0000000E+000, 0.0000000E+000, 0.0000000E+000, 0.0000000E+000, 0.0000000E+000, 0.0000000E+000, 0.0000000E+000, 0.0000000E+000, 1.1500000E+002, 2.2147456E-001
 4.7056647E-001, 2.2851499E-001, 0.0000000E+000, 0.0000000E+000, 0.0000000E+000, 0.0000000E+000, 7.3363481E-003, 2.2851499E-002, 2.2362828E-001, 9.6673914E-305, 0.0000000E+000, 0.0000000E+000, 1.1500000E+002, 0.0000000E+000, 0.0000000E+000, 0.0000000E+000, 0.0000000E+000, 0.0000000E+000, 0.0000000E+000, 0.0000000E+000, 0.0000000E+000, 0.0000000E+000, 0.0000000E+000, 1.1500000E+002, 2.2136360E-001
 4.7054098E-001, 2.2826750E-001, 0.0000000E+000, 0.0000000E+000, 0.0000000E+000, 0.0000000E+000, 7.3363481E-003, 2.2826750E-002, 2.2365705E-001, 9.6648079E-305, 0.0000000E+000, 0.0000000E+000, 1.1500000E+002, 0.0000000E+000, 0.0000000E+000, 0.0000000E+000, 0.0000000E+000, 0.0000000E+000, 0.0000000E+000, 0.0000000E+000, 0.0000000E+000, 0.0000000E+000, 0.0000000E+000, 1.1500000E+002, 2.2129807E-001
 4.7030024E-001, 2.2814662E-001, 0.0000000E+000, 0.0000000E+000, 0.0000000E+000, 0.0000000E+000, 7.3363481E-003, 2.2814662E-002, 2.2365418E-001, 9.6622258E-305, 0.0000000E+000, 0.0000000E+000, 1.1500000E+002, 0.0000000E+000, 0.0000000E+000, 0.0000000E+000, 0.0000000E+000, 0.0000000E+000, 0.0000000E+000, 0.0000000E+000, 0.0000000E+000, 0.0000000E+000, 0.0000000E+000, 1.1500000E+002, 2.2129103E-001
 4.7097332E-001, 2.2857211E-001, 0.0000000E+000, 0.0000000E+000, 0.0000000E+000, 0.0000000E+000, 7.3363481E-003, 2.2857211E-002, 2.2383932E-001, 9.6493359E-305, 0.0000000E+000, 0.0000000E+000, 1.1500000E+002, 0.0000000E+000, 0.0000000E+000, 0.0000000E+000, 0.0000000E+000, 0.0000000E+000, 0.0000000E+000, 0.0000000E+000, 0.0000000E+000, 0.0000000E+000, 0.0000000E+000, 1.1500000E+002, 2.2152645E-001
 4.7151267E-001, 2.2893228E-001, 0.0000000E+000, 0.0000000E+000, 0.0000000E+000, 0.0000000E+000, 7.3363481E-003, 2.2893228E-002, 2.2410402E-001, 9.6339134E-305, 0.0000000E+000, 0.0000000E+000, 1.1500000E+002, 0.0000000E+000, 0.0000000E+000, 0.0000000E+000, 0.0000000E+000, 0.0000000E+000, 0.0000000E+000, 0.0000000E+000, 0.0000000E+000, 0.0000000E+000, 0.0000000E+000, 1.1500000E+002, 2.2186696E-001
 4.7139802E-001, 2.2887163E-001, 0.0000000E+000, 0.0000000E+000, 0.0000000E+000, 0.0000000E+000, 7.3363481E-003, 2.2887163E-002, 2.2400439E-001, 9.6339134E-305, 0.0000000E+000, 0.0000000E+000, 1.1500000E+002, 0.0000000E+000, 0.0000000E+000, 0.0000000E+000, 0.0000000E+000, 0.0000000E+000, 0.0000000E+000, 0.0000000E+000, 0.0000000E+000, 0.0000000E+000, 0.0000000E+000, 1.1500000E+002, 2.2175517E-001
 4.7128084E-001, 2.2881024E-001, 0.0000000E+000, 0.0000000E+000, 0.0000000E+000, 0.0000000E+000, 7.3363481E-003, 2.2881024E-002, 2.2390460E-001, 9.6339134E-305, 0.0000000E+000, 0.0000000E+000, 1.1500000E+002, 0.0000000E+000, 0.0000000E+000, 0.0000000E+000, 0.0000000E+000, 0.0000000E+000, 0.0000000E+000, 0.0000000E+000, 0.0000000E+000, 0.0000000E+000, 0.0000000E+000, 1.1500000E+002, 2.2164289E-001
