     5  639085.92 -1445789.96     0.0077     0.0076 1000000000000000.0000     259.62
 639162.97 -1445709.96
 639074.67 -1445590.15  639112.34 -1445676.76
   21   3912

     5  656165.11 -1456360.14     0.0103     0.0096 1000000000000000.0000     221.35
 656084.39 -1456440.30
 656011.90 -1456303.47  656068.21 -1456363.50
    5   3907

     5  692085.93 -1480910.00     0.0105     0.0092 1000000000000000.0000     241.10
 692103.94 -1481020.02
 691946.97 -1481036.69  692034.95 -1481003.35
   25   3882

    25  629907.94 -1442509.72     0.0121     0.0081 1000000000000000.0000     262.38
 629798.90 -1442549.76
 629753.98 -1442420.67  629795.37 -1442480.17
   18   3864

    85  598280.61 -1420719.97     0.0102     0.0094 1000000000000000.0000     242.99
 598311.55 -1420829.41
 598170.65 -1420839.01  598236.33 -1420816.29
   12   3851

   155  629888.98 -1442039.50     0.0071     0.0070 1000000000000000.0000     278.62
 629809.46 -1441952.02
 629901.94 -1441830.90  629862.42 -1441917.47
   13   3837

   170  614189.09 -1431918.78     0.0103     0.0092 1000000000000000.0000     246.67
 614150.57 -1432030.24
 614005.28 -1431959.40  614096.54 -1431976.11
   15   3822

   235  629388.56 -1440093.00     0.0142     0.0038 1000000000000000.0000     314.99
 629266.51 -1440112.49
 629169.86 -1440021.72  629245.88 -1440074.57
   27   3795

   250  643229.29 -1448666.51     0.0101     0.0096 1000000000000000.0000     238.95
 643134.72 -1448594.15
 643070.62 -1448737.29  643124.21 -1448672.95
    7   3788

   645  617955.37 -1434477.60     0.0133     0.0089 1000000000000000.0000     250.42
 617842.38 -1434486.95
 617837.18 -1434317.99  617864.10 -1434416.73
   10   3778

   795  662674.84 -1460759.83     0.0101     0.0088 1000000000000000.0000     227.63
 662709.81 -1460641.99
 662552.09 -1460659.40  662630.20 -1460669.67
   19   3760

  1020  657213.24 -1455815.51     0.0098     0.0090 1000000000000000.0000     222.07
 657143.24 -1455726.81
 657073.22 -1455869.56  657118.65 -1455805.99
    9   3758

  1050  668216.91 -1467799.97     0.0100     0.0086 1000000000000000.0000     255.02
 668249.53 -1467691.34
 668107.90 -1467662.15  668177.92 -1467694.92
   14   3744

  1245  682040.49 -1479707.72     0.0052     0.0087 1000000000000000.0000     220.10
 681927.15 -1479736.67
 681954.32 -1479585.97  681959.24 -1479658.27
   11   3748

  1320  621393.30 -1436517.35     0.0100     0.0084 1000000000000000.0000     211.44
 621364.85 -1436409.77
 621240.81 -1436501.84  621313.43 -1436477.94
   21   3733

  1410  682264.60 -1479628.20     0.0095     0.0093 1000000000000000.0000     227.99
 682154.44 -1479681.04
 682122.10 -1479532.55  682166.22 -1479601.39
    2   3739

